6 0.27745923372093023 0.2813638578125 0.2779656581395349 0.29792196406250004 0.2702005941860465 0.318526171875 0.28271953255813953 0.33369776875 0.30299211627906975 0.3309103296875 0.3824691697674419 0.2046746671875 0.37112083953488373 0.2056711984375 0.3515438430232558 0.23738333749999999 0.3504310895348837 0.21679546875 0.33658043720930236 0.2191098984375 0.324492626744186 0.1647658046875 0.3055378953488372 0.177727609375 0.2927239953488372 0.24304593593749999 0.28821616860465116 0.277325190625 0.2847539325581395 0.29090689531249997 0.27745923372093023 0.2813638578125
6 0.20913408372093023 0.50929815 0.21485418372093024 0.5263565859375 0.23089231046511627 0.5307749312500001 0.24886638953488371 0.48489373750000003 0.24664875000000003 0.47476917187499995 0.2485095430232558 0.425021425 0.24194451976744186 0.4143846203125 0.23811581511627908 0.421433165625 0.21865373488372095 0.3955617125 0.20307527674418605 0.40170364843749995 0.19678533488372094 0.425092521875 0.21346952558139534 0.479960965625 0.21847233720930234 0.49678655781250003 0.20913408372093023 0.50929815
6 0.23671631860465114 0.574606440625 0.23839897093023255 0.6015660671874999 0.24677638488372092 0.6024556828125001 0.25301561627906977 0.5890235640625 0.27030466046511625 0.6311896859374999 0.27968672558139535 0.6311896859374999 0.2856646279069768 0.6145005859375 0.2815021918604651 0.535873840625 0.27337337441860465 0.48240610625 0.29492955348837213 0.507054703125 0.29295178023255813 0.4965964453125 0.2748241011627907 0.475170115625 0.26870173720930235 0.46145046093750003 0.25817053488372094 0.4662002515625 0.25013802558139536 0.47744438437500003 0.2275332476744186 0.535604865625 0.20766112325581393 0.6099807921875 0.2141031488372093 0.616940328125 0.22090720116279072 0.61341745 0.23671631860465114 0.574606440625
6 0.2912282441860465 0.5939907 0.2939810953488372 0.602912734375 0.29856387325581396 0.6068551296875 0.3083550813953488 0.603878875 0.3096056220930232 0.59736156875 0.3062390023255814 0.599222015625 0.31808752093023257 0.5579743953125 0.3165590988372093 0.542181946875 0.3025225174418605 0.5440794046875 0.29934432558139534 0.5496320359375 0.2963700802325581 0.5463725640625 0.2830073465116279 0.5404149046875 0.2801306395348837 0.55052906875 0.2846474418604651 0.5641204625 0.2912282441860465 0.5939907
6 0.42581881395348836 0.26642466875 0.4262914639534884 0.2729728984375 0.4307026058139535 0.2729402359375 0.4447596476744186 0.2581457625 0.4524812058139535 0.2500653421875 0.4540796802325582 0.24671276718750001 0.45139662674418607 0.2434160265625 0.4491026395348837 0.24175712656249998 0.4295918918604651 0.24263132656250003 0.4202940755813953 0.24624295937500001 0.4199533941860465 0.2488573546875 0.42638469999999995 0.2553781578125 0.42581881395348836 0.26642466875
6 0.41087228372093026 0.3086700078125 0.4130662697674418 0.29685885 0.4073072627906977 0.27796689375 0.4050368 0.2681263546875 0.3977657302325581 0.2562490796875 0.39618164883720935 0.257808475 0.39739234534883716 0.26252900156250003 0.38879942790697675 0.2643158375 0.38781448488372094 0.2699614703125 0.39589063720930234 0.292503878125 0.40408491162790694 0.305249678125 0.41087228372093026 0.3086700078125
6 0.5533687965116278 0.3667868296875 0.5580122151162791 0.3567777578125 0.5614531186046511 0.3414547390625 0.5617005337209302 0.32953715 0.5605240337209303 0.329253915625 0.5551067651162791 0.3286510015625 0.5485154337209303 0.3328596109375 0.5481860488372093 0.3309393875 0.5387552720930233 0.32851075937499996 0.5374459186046512 0.3334814265625 0.540601223255814 0.350897071875 0.5458730918604651 0.3656602078125 0.5492976255813954 0.37108654375 0.5536927604651163 0.37125373281249996 0.5533687965116278 0.3667868296875
2 0.4712047372093023 0.08663202343750001 0.4675479081395349 0.07858272031249999 0.4544611988372093 0.0816564453125 0.44753301860465117 0.08750263124999999 0.45001885 0.0958807640625 0.46647028604651164 0.09245036250000001 0.4712047372093023 0.08663202343750001
3 0.2799612058139535 0.13087071875 0.2641394046511628 0.13090755468749998 0.2621580988372093 0.1395661828125 0.26277574418604654 0.148118725 0.2735179046511628 0.156969490625 0.28523542674418606 0.1410614890625 0.2799612058139535 0.13087071875
6 0.5462903360465117 0.2072579890625 0.5511246906976744 0.2007139875 0.550115084883721 0.1934691671875 0.541037188372093 0.1838812578125 0.5405768581395349 0.175598340625 0.5385945930232559 0.1758435390625 0.5386248360465116 0.1810845484375 0.5344042104651163 0.1805411 0.5315310825581395 0.1836657390625 0.5302975244186047 0.17944775625 0.5270196674418605 0.1802902 0.5208406569767442 0.1823436453125 0.5215566616279069 0.18827339999999998 0.5260609127906977 0.19510259218749998 0.5359318 0.20218555781249997 0.5462903360465117 0.2072579890625
3 0.549611988372093 0.8648323765624999 0.5491188430232559 0.8676617109375 0.5436320034883722 0.85874464375 0.5412599255813954 0.8676439828125 0.5481084337209302 0.8757721671875001 0.5541614058139535 0.879330215625 0.5565106930232558 0.8862497828125001 0.5598565058139534 0.88477818125 0.5575247244186047 0.87582218125 0.55850585 0.874556390625 0.5705903430232558 0.87483509375 0.5709974197674418 0.8720303109374999 0.5647940593023256 0.86990598125 0.5685195918604651 0.8674913109375 0.5725925325581396 0.8593746375 0.5710551023255814 0.8540976296875 0.5649010069767442 0.8520313984375001 0.5548154976744186 0.857822078125 0.5527310895348837 0.8535914671875 0.5446830674418605 0.8543007781249999 0.549611988372093 0.8648323765624999
2 0.4753443313953489 0.8827302124999999 0.4766434151162791 0.8770677484375 0.470881711627907 0.8699639749999999 0.4688217209302326 0.8707637859374999 0.4604392279069767 0.870980534375 0.4562730558139535 0.8763681703125 0.4594990686046512 0.8822990859375001 0.46732552093023255 0.885252346875 0.4753443313953489 0.8827302124999999
2 0.4114925895348837 0.7356285312499999 0.40690196627906977 0.7305811203125 0.40239796279069767 0.7355745953125 0.40085612093023254 0.7435871765625001 0.40304277558139534 0.7488718515625 0.40915266511627907 0.7455005453125 0.4114925895348837 0.7356285312499999
1 0.3184818627906977 0.5501765828125 0.31643378139534883 0.5510114296874999 0.31654316744186045 0.5572491390625001 0.3250738011627907 0.559851746875 0.32539538255813955 0.5487112953125 0.3325700872093023 0.56461913125 0.33566208139534887 0.5646814375 0.3347363186046512 0.550636446875 0.33208775116279066 0.5316006453125001 0.3239523441860465 0.525869584375 0.3173372081395349 0.5100880265625001 0.3162687941860465 0.5166265828125 0.3163667488372093 0.5225551 0.31110730348837207 0.5211983609375 0.309716661627907 0.5253738718750001 0.32011600348837205 0.529216665625 0.3208592023255814 0.5341141140625 0.31532902906976745 0.5376149265625 0.3184818627906977 0.5501765828125
3 0.5469873941860465 0.46143334375 0.5496842581395348 0.467932153125 0.5386177790697675 0.46784802187499996 0.5377572674418605 0.47191561406250004 0.5480658534883721 0.47427036874999995 0.5476732930232558 0.4807671390625 0.5520444023255814 0.4871255546875 0.558414184883721 0.485296715625 0.5608003011627907 0.478382346875 0.5665238360465117 0.48277691562499997 0.5696964593023256 0.47905884531250004 0.564290726744186 0.4730049765625 0.5649992720930233 0.46436023437499996 0.5646180953488372 0.446488409375 0.5591139058139535 0.4432339984375 0.5521622779069767 0.4434465203125 0.5489382139534884 0.4545098703125 0.5390918883720931 0.45028723125000003 0.5372648034883721 0.45289297968750003 0.5469873941860465 0.46143334375
6 0.7213653593023255 0.6410785734375 0.7170980802325582 0.6403911515625 0.7169541639534884 0.64451904375 0.7219827883720931 0.6474573453125 0.7323701813953488 0.648645559375 0.7387580988372092 0.6325085359375 0.7349510825581396 0.6325085359375 0.7369970499999999 0.628813784375 0.7366461360465116 0.60956585 0.7290748313953489 0.61311108125 0.7226209290697674 0.6098099546875 0.7202328244186046 0.6133548281250001 0.7201923174418605 0.6321387921875 0.7144108779069768 0.63031359375 0.7213653593023255 0.6410785734375
2 0.5517939988372094 0.643097259375 0.5506795883720931 0.6367643765625 0.5416639186046511 0.6317903296875 0.5374121290697674 0.6359739046875 0.5362039255813954 0.6403334359375 0.5412272930232558 0.6442102734375 0.5517939988372094 0.643097259375
2 0.4916214593023256 0.506703009375 0.4962068465116279 0.5050452437499999 0.4995421988372093 0.49161473125 0.4960432476744186 0.4860738890625 0.4908675011627907 0.4860316703125 0.49100742790697677 0.49460489843750005 0.48749973372093025 0.49558536093749994 0.49057404186046516 0.4981091359375 0.4916214593023256 0.506703009375
0 0.4548711418604651 0.3970427109375 0.4521763627906977 0.39310830625 0.44366213604651167 0.3917973078125 0.44100304418604647 0.398110546875 0.4493319953488372 0.3993887578125 0.4548711418604651 0.3970427109375
0 0.43333113255813954 0.4707166890625 0.43965086860465113 0.46027678437499997 0.4373649953488372 0.45101600781249995 0.4309440697674419 0.45051487031250004 0.4245737604651163 0.4603221859375 0.42336477325581395 0.46334175625 0.4284694023255814 0.46957253125 0.43333113255813954 0.4707166890625
3 0.4127814906976744 0.180775440625 0.4141389837209303 0.18482961874999998 0.41830026395348835 0.1818527328125 0.423366073255814 0.18409858437499999 0.4292790988372093 0.180240309375 0.4339018430232558 0.1876845140625 0.43722924069767444 0.1876845140625 0.43524378953488374 0.179844659375 0.4366145139534883 0.1730435234375 0.44314176860465115 0.172643934375 0.4431153662790697 0.1679204359375 0.43525699069767443 0.1679204359375 0.4394550406976744 0.16367565 0.4372007779069767 0.1581834921875 0.4304182581395349 0.1665399296875 0.4282749744186047 0.1675516078125 0.42573730697674417 0.15771068125 0.42360297906976746 0.1584530078125 0.4239462139534884 0.1636885 0.41659657209302325 0.163932303125 0.4150900802325581 0.167541696875 0.4210089034883721 0.1745406859375 0.4127814906976744 0.180775440625
3 0.505170126744186 0.12039213124999999 0.5067004534883721 0.1287013359375 0.5240568918604651 0.1258388109375 0.5213637418604651 0.11567194218750002 0.5315509127906977 0.12011300312499999 0.5252927802325582 0.112390903125 0.5216086825581395 0.1055205390625 0.5183606174418605 0.095420440625 0.5150730104651162 0.10037680468750002 0.5083962779069767 0.1058179265625 0.50012245 0.10620727031249999 0.5031095406976744 0.1114769640625 0.5105791034883721 0.11660895468750002 0.505170126744186 0.12039213124999999
3 0.5345441627906977 0.28413178125 0.5437161127906976 0.274853509375 0.5450609290697674 0.262726971875 0.5391708325581396 0.251603475 0.5322736639534884 0.2576279796875 0.5273312093023256 0.251314059375 0.5232411186046512 0.2469815546875 0.5120707674418604 0.2543917 0.510880938372093 0.26328857031249997 0.5160331093023256 0.2728615359375 0.5244354627906976 0.28261516875 0.5345441627906977 0.28413178125
3 0.4709752848837209 0.2864256640625 0.4626851581395349 0.29197198593749996 0.4631699930232558 0.296101784375 0.47390530813953485 0.2888634859375 0.48597646627906976 0.29167936875 0.48390737325581396 0.309465390625 0.4880437313953488 0.3100978234375 0.49109504418604655 0.29232191093750004 0.5039310546511627 0.2869158390625 0.5040673 0.27851213124999996 0.4965320337209302 0.27410743437499996 0.49446191046511623 0.26176619843750004 0.4831876674418605 0.2729611796875 0.47252918023255813 0.2760942515625 0.46986437906976747 0.2727873125 0.46162231395348835 0.275633153125 0.46135843488372097 0.2780987109375 0.46914897906976744 0.27912342031250004 0.4709752848837209 0.2864256640625
2 0.41568402093023255 0.35825474218750003 0.41435893023255815 0.3502996375 0.4087273418604651 0.3497937265625 0.40700143255813953 0.3527598625 0.40425197790697676 0.3551816390625 0.40839251511627905 0.36315239374999997 0.4143504337209302 0.365426659375 0.41568402093023255 0.35825474218750003
2 0.3537767267441861 0.451677884375 0.353978861627907 0.44583411406250006 0.3510973639534884 0.4440003109375 0.3453632837209302 0.4513808984375 0.34619992790697673 0.45646976562499997 0.35105771744186043 0.4564038453125 0.3537767267441861 0.451677884375
2 0.31772186046511625 0.448493215625 0.31731444302325584 0.4417609265625 0.3133569279069768 0.44059462343750005 0.3072424604651163 0.44961077656250004 0.3076801372093023 0.4544331875 0.3169391011627907 0.45310936249999995 0.31772186046511625 0.448493215625
2 0.3184065151162791 0.4691826484375 0.3119850488372093 0.4691826484375 0.31027695348837214 0.47666834375 0.3150650930232558 0.483319046875 0.31755161627906975 0.4757478 0.3184065151162791 0.4691826484375
2 0.3484761337209302 0.3649301390625 0.3410012 0.36616220781250003 0.34003273255813954 0.3736171109375 0.34564815 0.37653441249999997 0.3531916 0.371986809375 0.3484761337209302 0.3649301390625
2 0.3460755465116279 0.32387014375 0.34246472441860465 0.3226946890625 0.34330228139534885 0.31845476562499997 0.3362598034883721 0.3226678015625 0.33677833604651164 0.33198093281249996 0.3413777104651163 0.33539335000000003 0.3460755465116279 0.32938538125 0.3460755465116279 0.32387014375
3 0.23487546860465117 0.3806222921875 0.22019043023255813 0.3648978359375 0.21209403372093022 0.38405778281249997 0.2139249465116279 0.3919319421875 0.22392601627906975 0.3968235140625 0.23487546860465117 0.3806222921875
2 0.19411208023255813 0.384469475 0.1909604534883721 0.3858192453125 0.1909604534883721 0.38266208125 0.1856730674418605 0.388920909375 0.18568053372093024 0.3958557875 0.19014168255813954 0.39664075625 0.19556921511627906 0.38748605 0.19411208023255813 0.384469475
2 0.2465301 0.3649087625 0.24438149302325582 0.35662679375 0.23688014418604653 0.3676794546875 0.24271592674418604 0.3752243859375 0.2440009430232558 0.372023434375 0.2465301 0.3649087625
2 0.18893989651162793 0.34200487343749997 0.1817410418604651 0.34200610781249996 0.18164621395348837 0.353357421875 0.18604866279069765 0.3530823453125 0.18917682674418604 0.343844571875 0.18893989651162793 0.34200487343749997
2 0.17681392674418606 0.3774796359375 0.17207874651162788 0.37995565781249996 0.1720297930232558 0.388420809375 0.1777069546511628 0.392515325 0.1794874558139535 0.38108817500000003 0.17681392674418606 0.3774796359375
2 0.2616012220930232 0.33872627187500004 0.26058712325581396 0.34036901406250003 0.2607698686046512 0.35188163906250003 0.2650069476744186 0.349364084375 0.26710768953488373 0.34093520312500003 0.2616012220930232 0.33872627187500004
3 0.3951535674418605 0.3102181953125 0.39478645697674414 0.3057076109375 0.38979382209302327 0.304744978125 0.3835480639534884 0.3098635640625 0.3842918697674419 0.3133073734375 0.38777219999999996 0.3155531453125 0.3951535674418605 0.3102181953125
3 0.4133687593023256 0.28239661875 0.4148433034883721 0.2841524953125 0.41996968255813955 0.274980640625 0.42187983139534885 0.28271629374999996 0.42592380348837205 0.2807903328125 0.42217591395348836 0.2721047796875 0.4260007476744186 0.2663049359375 0.42561123720930233 0.2584388796875 0.4221808790697674 0.25973052343749997 0.42258962790697674 0.2521545703125 0.4207341976744186 0.2521545703125 0.41702556046511624 0.2631847515625 0.4106593337209303 0.263000359375 0.4120182825581395 0.2653570265625 0.4060531534883721 0.26829979531250003 0.40986256860465115 0.2707923609375 0.4152371418604651 0.27558536875 0.4133687593023256 0.28239661875
2 0.36391331279069766 0.253618753125 0.3607254069767442 0.25692044375 0.3590826220930233 0.2628337609375 0.3606210058139535 0.26916763125 0.3660778709302326 0.267522434375 0.36391331279069766 0.253618753125
2 0.44733795581395347 0.34075953124999997 0.44581872906976744 0.33194683125 0.44170845116279067 0.3363230234375 0.4361541872093023 0.3415727296875 0.44017270581395346 0.3487376546875 0.4455712418604651 0.34705913593750004 0.44733795581395347 0.34075953124999997
2 0.39988066744186046 0.3706014015625 0.4007612639534884 0.366528184375 0.3903530313953488 0.3639802390625 0.3895073593023256 0.3728515578125 0.3949873523255814 0.3721538390625 0.39988066744186046 0.3706014015625
2 0.4248327627906977 0.4201433875 0.4205534790697675 0.4203345859375 0.419329061627907 0.42584057968750005 0.4204523302325581 0.4307519984375 0.43155072790697674 0.4246959453125 0.43017641744186047 0.4197237453125 0.4248327627906977 0.4201433875
2 0.4614100860465116 0.51838048125 0.4599987337209302 0.5147932421875 0.45242940000000004 0.51744093125 0.45203369767441864 0.5287012828125001 0.46020633139534883 0.5340290109375 0.4609833604651163 0.52554734375 0.4614100860465116 0.51838048125
2 0.3991065441860465 0.6115983953125 0.3984597534883721 0.6053921984375 0.3946201604651163 0.6060168218750001 0.3888670511627907 0.601483865625 0.3899296162790698 0.6074302421875 0.38613928953488375 0.6117033015625 0.3861173534883721 0.6170423421875 0.3947325488372093 0.6192528328125 0.3991065441860465 0.6115983953125
2 0.35612451627906977 0.74442920625 0.3459703476744186 0.7399975140625 0.341759823255814 0.7459796359374999 0.3417618604651163 0.7498322359375 0.3516490488372093 0.7517780609375 0.35612451627906977 0.74442920625
2 0.37043547441860464 0.424167384375 0.3636151174418605 0.426800353125 0.36291052093023257 0.43360095000000004 0.36550323953488373 0.4395976078125 0.3687453441860465 0.43699595 0.37043547441860464 0.424167384375
2 0.41587730465116274 0.416768596875 0.41823730348837207 0.4147295 0.42339753837209304 0.4124210265625 0.41738146162790696 0.402451146875 0.4133911 0.40530380781249997 0.4115948465116279 0.41081322499999995 0.41246456046511626 0.41391841406249996 0.41587730465116274 0.416768596875
3 0.34063422209302324 0.5595848140624999 0.3436471232558139 0.555213665625 0.34318747441860464 0.5509485390625 0.3410229534883721 0.551323834375 0.3417935186046512 0.5455999046875 0.3425043441860465 0.5383335687499999 0.3387085441860465 0.5344040453125001 0.33575308953488375 0.5376223515625 0.3343809837209303 0.547145390625 0.33540461744186045 0.5550099796875 0.3366902906976744 0.5609460546875 0.34063422209302324 0.5595848140624999
3 0.5002078058139535 0.749150003125 0.5003890767441861 0.742980996875 0.48963128372093023 0.7444352734375 0.4830171174418605 0.7521577953125 0.48452900581395353 0.7632698109375 0.4927622325581395 0.7648941812500001 0.5002078058139535 0.749150003125
3 0.5679428581395349 0.67277756875 0.5642748093023257 0.6600979234375 0.5571509069767442 0.6636730562500001 0.5556409348837209 0.6776060890625 0.5572839534883721 0.6894575640625 0.5651144023255814 0.687231496875 0.5679428581395349 0.67277756875
3 0.797471126744186 0.4889277734375 0.7949542802325581 0.49882501562500003 0.8014483465116279 0.499613990625 0.8071294081395349 0.4884686375 0.811479969767442 0.4798836015625 0.8051769476744186 0.47916037187500005 0.8058290581395349 0.46913897968749996 0.7964836441860466 0.4643505046875 0.7894942209302325 0.475598928125 0.782251903488372 0.4843954703125 0.7841122465116279 0.49070120624999997 0.797471126744186 0.4889277734375
0 0.6849596813953489 0.5753212796875 0.6937061267441861 0.57838766875 0.6890601930232558 0.5641582374999999 0.6831591558139535 0.5542067203125 0.6807474302325581 0.558212721875 0.6752494395348837 0.5603870546875 0.6752493430232558 0.5668160640625 0.6721257290697675 0.576153215625 0.6849596813953489 0.5753212796875
3 0.4670133813953488 0.9658297421875 0.47175666279069767 0.95530530625 0.46554706976744187 0.9460000453124999 0.45470587325581396 0.94890748125 0.45106855581395344 0.958164428125 0.4563394069767442 0.9714344484374999 0.46249058953488376 0.9706862859375001 0.4670133813953488 0.9658297421875
3 0.45355402790697674 0.4976192453125 0.4598003290697675 0.48689079218750003 0.44754292325581396 0.4807863125 0.4353312988372093 0.483030059375 0.4365295872093023 0.4975846 0.44005178139534884 0.499038796875 0.45355402790697674 0.4976192453125
3 0.4875857267441861 0.581696375 0.4918770406976744 0.571842921875 0.48772907325581394 0.5642951296875001 0.4726548581395349 0.576766340625 0.4718185488372093 0.5814690812500001 0.4750405546511628 0.588281034375 0.4875857267441861 0.581696375
3 0.5953787313953488 0.558612046875 0.5960879372093023 0.5496833703124999 0.5887832081395349 0.5490505953125 0.5792515523255815 0.555905709375 0.5780816453488372 0.5598429515625 0.5812681953488372 0.5659768 0.5953787313953488 0.558612046875
3 0.5410467744186047 0.5007655953125 0.5317991627906977 0.49407130156249995 0.5234961872093024 0.4998756875 0.522662576744186 0.5086151796875 0.5386435255813954 0.50847195 0.5410467744186047 0.5007655953125
3 0.46980286162790696 0.44471442968749997 0.46605514534883724 0.44922908125000005 0.4727614593023256 0.46444520625 0.48249491744186046 0.46328361406249996 0.4803985453488372 0.447259990625 0.46980286162790696 0.44471442968749997
2 0.4617503860465116 0.42189811875 0.4671434802325582 0.40734164687499996 0.4605997406976744 0.40063296875 0.4573054825581395 0.40460948124999996 0.45151948139534887 0.40460948124999996 0.45245591976744187 0.42160932500000003 0.4617503860465116 0.42189811875
2 0.49344114767441866 0.140537890625 0.485522211627907 0.136093221875 0.4731171523255814 0.13693925468749998 0.4749085906976744 0.1480490703125 0.49180767209302323 0.149690865625 0.49344114767441866 0.140537890625
3 0.5865694802325582 0.147505409375 0.5934372895348837 0.1467532296875 0.5962152558139535 0.143323303125 0.5952635976744186 0.13496748281249998 0.5931048546511628 0.12665011406249999 0.5877693906976744 0.1262380390625 0.5865369790697674 0.13107160625 0.5839996569767442 0.1341581453125 0.585029276744186 0.139751625 0.5865694802325582 0.147505409375
3 0.5602427372093024 0.1001232859375 0.5591832465116279 0.096352578125 0.5633924930232558 0.09549378593749999 0.5610985069767441 0.0936872234375 0.5664332802325581 0.09110699375 0.5658902372093023 0.087141428125 0.5566965837209302 0.087141428125 0.5549401325581396 0.08517655625000001 0.5485122 0.08859250625000001 0.5512561011627907 0.0967718890625 0.5549790965116279 0.096182390625 0.5602427372093024 0.1001232859375