5 0.2535781220930232 0.5027689046875 0.27030628604651163 0.48974124375 0.2788008093023256 0.43103870468750005 0.2806599965116279 0.393544390625 0.24292864186046512 0.4091073859375 0.25039612790697674 0.4427856765625 0.24576973604651164 0.4573682828125 0.24422776976744184 0.48115352656250004 0.2535781220930232 0.5027689046875
5 0.27108658604651165 0.2807800484375 0.280200476744186 0.2852108484375 0.2877329674418605 0.26107210468750003 0.28060728023255815 0.24044747656249998 0.29068924186046513 0.2279329390625 0.26874098023255816 0.21320298906250001 0.27192477093023254 0.2371021453125 0.2640419686046511 0.2466796625 0.24242148372093023 0.3083520140625 0.23912282209302324 0.3125767203125 0.25124895348837206 0.3233214671875 0.27108658604651165 0.2807800484375
3 0.3209380360465116 0.22625960156249997 0.31245202441860465 0.20870357187500002 0.3166706232558139 0.2022816359375 0.331802 0.1885683953125 0.31798358720930237 0.1772137421875 0.307765611627907 0.1633873734375 0.28892768604651164 0.180714690625 0.2840084337209302 0.205568009375 0.2858359848837209 0.2205637125 0.30613205232558144 0.22641165000000002 0.3209380360465116 0.22625960156249997
4 0.27406539534883717 0.2364337359375 0.26779423837209304 0.21911170000000002 0.25155032674418604 0.218416009375 0.24493278837209304 0.23031942500000002 0.25122001162790697 0.24451867031250002 0.26496583604651164 0.2466989375 0.27406539534883717 0.2364337359375
3 0.391095211627907 0.404330865625 0.38733802093023256 0.393135378125 0.3742825430232558 0.3942307546875 0.3671185965116279 0.408391265625 0.3621649534883721 0.41948984375 0.3738879034883721 0.4298439046875 0.391095211627907 0.404330865625
4 0.3731587406976744 0.645634728125 0.3535390906976744 0.6391517906249999 0.3447922255813954 0.6389932203125 0.34283875232558136 0.6505145546875 0.34980709651162795 0.6724526015625 0.3734814720930233 0.677922584375 0.37777309186046515 0.6573296546875 0.3731587406976744 0.645634728125
2 0.4516811430232558 0.06196854375000001 0.4471851930232558 0.053608465625000004 0.43666296627906975 0.0561254765625 0.43701587790697677 0.06585107968750001 0.4400353930232558 0.075490753125 0.45193611511627907 0.07363752968750001 0.4516811430232558 0.06196854375000001
2 0.5315179023255814 0.393805109375 0.5183153906976744 0.390173490625 0.518708853488372 0.404865015625 0.5218200244186046 0.4145262328125 0.5315179023255814 0.40777196875 0.5315179023255814 0.393805109375
2 0.40217622790697677 0.49498612656249996 0.3946125046511628 0.5189216859375 0.41058782441860464 0.5223655968750001 0.41032127558139536 0.4923640765625 0.40217622790697677 0.49498612656249996
2 0.3610289244186046 0.46959141562499995 0.356532015116279 0.474699809375 0.35873841860465117 0.4931702546875 0.37049582093023253 0.491350175 0.3716541058139535 0.4772601984375 0.3610289244186046 0.46959141562499995
2 0.47201119767441857 0.6851844609375 0.47009954302325585 0.6724549953125 0.45895776279069767 0.6681441109375 0.45289201976744187 0.67147708125 0.4534247767441861 0.6819800546875 0.4609928953488372 0.6877956140625 0.47201119767441857 0.6851844609375
2 0.6712980895348838 0.8975058312499999 0.6683221 0.8936445187500001 0.6595301872093023 0.896685634375 0.6575071220930233 0.9075634234375001 0.6660511674418604 0.9125932156250001 0.6739944767441861 0.90787244375 0.6712980895348838 0.8975058312499999
2 0.6057479755813954 0.6372477296875 0.5999291162790698 0.6322979296875 0.5969707232558139 0.6346441109375001 0.5942472476744186 0.6438633046875 0.5950084825581395 0.6512888453125 0.6037623918604651 0.6483764703125 0.6057479755813954 0.6372477296875
2 0.53253735 0.5388905828125 0.5323115488372093 0.5510084421875 0.5415820441860465 0.55273975 0.54810855 0.5521162703125 0.5432357476744186 0.5389762828125 0.53253735 0.5388905828125
2 0.5937423906976744 0.31340206875 0.5845528686046512 0.31344791562499996 0.5857592674418605 0.320534590625 0.5942597093023256 0.31753929375 0.5937423906976744 0.31340206875
2 0.505917915116279 0.2453780625 0.4861192244186046 0.24599245781249998 0.4887862174418605 0.25749616875000003 0.5035256581395349 0.2537023671875 0.505917915116279 0.2453780625
2 0.6230049872093023 0.2026743109375 0.617866208139535 0.2013013296875 0.6178223406976745 0.208965278125 0.619362161627907 0.21395739374999997 0.6257514430232558 0.21312904062500002 0.6230049872093023 0.2026743109375