5 0.7557722302325581 0.48115352656250004 0.7542302639534884 0.4573682828125 0.7496038720930231 0.4427856765625 0.7570713581395349 0.4091073859375 0.719340003488372 0.393544390625 0.7211991906976745 0.43103870468750005 0.7296937139534884 0.48974124375 0.7464218779069768 0.5027689046875 0.7557722302325581 0.48115352656250004
5 0.7487510465116278 0.3233214671875 0.7608771779069767 0.3125767203125 0.7575785162790697 0.3083520140625 0.7359580313953488 0.2466796625 0.7280752290697674 0.2371021453125 0.7312590197674418 0.21320298906250001 0.7093107581395349 0.2279329390625 0.7193927197674418 0.24044747656249998 0.7122670325581396 0.26107210468750003 0.719799523255814 0.2852108484375 0.7289134139534884 0.2807800484375 0.7487510465116278 0.3233214671875
3 0.6938679476744186 0.22641165000000002 0.7141640151162791 0.2205637125 0.7159915662790698 0.205568009375 0.7110723139534884 0.180714690625 0.6922343883720931 0.1633873734375 0.6820164127906977 0.1772137421875 0.668198 0.1885683953125 0.683329376744186 0.2022816359375 0.6875479755813954 0.20870357187500002 0.6790619639534884 0.22625960156249997 0.6938679476744186 0.22641165000000002
4 0.7350341639534883 0.2466989375 0.748779988372093 0.24451867031250002 0.755067211627907 0.23031942500000002 0.7484496732558139 0.218416009375 0.732205761627907 0.21911170000000002 0.7259346046511628 0.2364337359375 0.7350341639534883 0.2466989375
3 0.6261120965116279 0.4298439046875 0.6378350465116279 0.41948984375 0.6328814034883721 0.408391265625 0.6257174569767442 0.3942307546875 0.6126619790697675 0.393135378125 0.6089047883720929 0.404330865625 0.6261120965116279 0.4298439046875
4 0.6222269081395349 0.6573296546875 0.6265185279069767 0.677922584375 0.6501929034883721 0.6724526015625 0.6571612476744186 0.6505145546875 0.6552077744186047 0.6389932203125 0.6464609093023256 0.6391517906249999 0.6268412593023256 0.645634728125 0.6222269081395349 0.6573296546875
2 0.5480638848837209 0.07363752968750001 0.5599646069767442 0.075490753125 0.5629841220930232 0.06585107968750001 0.5633370337209302 0.0561254765625 0.5528148069767441 0.053608465625000004 0.5483188569767442 0.06196854375000001 0.5480638848837209 0.07363752968750001
2 0.4684820976744186 0.40777196875 0.47817997558139536 0.4145262328125 0.4812911465116279 0.404865015625 0.4816846093023256 0.390173490625 0.4684820976744186 0.393805109375 0.4684820976744186 0.40777196875
2 0.5896787244186046 0.4923640765625 0.5894121755813954 0.5223655968750001 0.6053874953488372 0.5189216859375 0.5978237720930232 0.49498612656249996 0.5896787244186046 0.4923640765625
2 0.6283458941860466 0.4772601984375 0.6295041790697675 0.491350175 0.6412615813953488 0.4931702546875 0.6434679848837209 0.474699809375 0.6389710755813953 0.46959141562499995 0.6283458941860466 0.4772601984375
2 0.5390071046511627 0.6877956140625 0.546575223255814 0.6819800546875 0.5471079802325581 0.67147708125 0.5410422372093023 0.6681441109375 0.5299004569767441 0.6724549953125 0.5279888023255814 0.6851844609375 0.5390071046511627 0.6877956140625
2 0.32600552325581394 0.90787244375 0.3339488325581395 0.9125932156250001 0.34249287790697674 0.9075634234375001 0.34046981279069766 0.896685634375 0.3316779 0.8936445187500001 0.3287019104651163 0.8975058312499999 0.32600552325581394 0.90787244375
2 0.3962376081395349 0.6483764703125 0.40499151744186046 0.6512888453125 0.4057527523255814 0.6438633046875 0.4030292767441861 0.6346441109375001 0.40007088372093025 0.6322979296875 0.39425202441860463 0.6372477296875 0.3962376081395349 0.6483764703125
2 0.4567642523255814 0.5389762828125 0.45189145 0.5521162703125 0.4584179558139535 0.55273975 0.4676884511627907 0.5510084421875 0.46746265 0.5388905828125 0.4567642523255814 0.5389762828125
2 0.4057402906976744 0.31753929375 0.41424073255813953 0.320534590625 0.41544713139534883 0.31344791562499996 0.40625760930232563 0.31340206875 0.4057402906976744 0.31753929375
2 0.49647434186046513 0.2537023671875 0.5112137825581395 0.25749616875000003 0.5138807755813953 0.24599245781249998 0.49408208488372096 0.2453780625 0.49647434186046513 0.2537023671875
2 0.3742485569767442 0.21312904062500002 0.38063783837209303 0.21395739374999997 0.3821776593023256 0.208965278125 0.38213379186046514 0.2013013296875 0.3769950127906977 0.2026743109375 0.3742485569767442 0.21312904062500002