6 0.2847539325581395 0.7090931046875 0.28821616860465116 0.7226748093750001 0.2927239953488372 0.7569540640625 0.3055378953488372 0.822272390625 0.324492626744186 0.8352341953125 0.33658043720930236 0.7808901015624999 0.3504310895348837 0.78320453125 0.3515438430232558 0.7626166624999999 0.37112083953488373 0.7943288015625 0.3824691697674419 0.7953253328125001 0.30299211627906975 0.6690896703125 0.28271953255813953 0.66630223125 0.2702005941860465 0.681473828125 0.2779656581395349 0.7020780359375001 0.27745923372093023 0.7186361421874999 0.2847539325581395 0.7090931046875
6 0.21847233720930234 0.5032134421875 0.21346952558139534 0.520039034375 0.19678533488372094 0.574907478125 0.20307527674418605 0.5982963515625 0.21865373488372095 0.6044382875000001 0.23811581511627908 0.578566834375 0.24194451976744186 0.5856153796875 0.2485095430232558 0.574978575 0.24664875000000003 0.525230828125 0.24886638953488371 0.5151062625 0.23089231046511627 0.46922506875 0.21485418372093024 0.4736434140625 0.20913408372093023 0.49070185000000005 0.21847233720930234 0.5032134421875
6 0.22090720116279072 0.38658255 0.2141031488372093 0.383059671875 0.20766112325581393 0.3900192078125 0.2275332476744186 0.464395134375 0.25013802558139536 0.522555615625 0.25817053488372094 0.5337997484375 0.26870173720930235 0.5385495390624999 0.2748241011627907 0.524829884375 0.29295178023255813 0.5034035546875 0.29492955348837213 0.492945296875 0.27337337441860465 0.51759389375 0.2815021918604651 0.464126159375 0.2856646279069768 0.3854994140625 0.27968672558139535 0.3688103140625 0.27030466046511625 0.3688103140625 0.25301561627906977 0.4109764359375 0.24677638488372092 0.3975443171875 0.23839897093023255 0.3984339328125 0.23671631860465114 0.42539355937499995 0.22090720116279072 0.38658255
6 0.2846474418604651 0.43587953749999997 0.2801306395348837 0.44947093125000004 0.2830073465116279 0.45958509531249997 0.2963700802325581 0.4536274359375 0.29934432558139534 0.4503679640625 0.3025225174418605 0.45592059531249995 0.3165590988372093 0.457818053125 0.31808752093023257 0.4420256046875 0.3062390023255814 0.400777984375 0.3096056220930232 0.40263843125000004 0.3083550813953488 0.39612112499999996 0.29856387325581396 0.3931448703125 0.2939810953488372 0.397087265625 0.2912282441860465 0.4060093 0.2846474418604651 0.43587953749999997
6 0.42638469999999995 0.7446218421874999 0.4199533941860465 0.7511426453125 0.4202940755813953 0.753757040625 0.4295918918604651 0.7573686734375 0.4491026395348837 0.7582428734375 0.45139662674418607 0.7565839734375001 0.4540796802325582 0.7532872328125 0.4524812058139535 0.7499346578125 0.4447596476744186 0.7418542375 0.4307026058139535 0.7270597640625 0.4262914639534884 0.7270271015625 0.42581881395348836 0.73357533125 0.42638469999999995 0.7446218421874999
6 0.40408491162790694 0.694750321875 0.39589063720930234 0.707496121875 0.38781448488372094 0.7300385296874999 0.38879942790697675 0.7356841625 0.39739234534883716 0.7374709984375001 0.39618164883720935 0.742191525 0.3977657302325581 0.7437509203125 0.4050368 0.7318736453125 0.4073072627906977 0.72203310625 0.4130662697674418 0.70314115 0.41087228372093026 0.6913299921875 0.40408491162790694 0.694750321875
6 0.5536927604651163 0.6287462671874999 0.5492976255813954 0.6289134562500001 0.5458730918604651 0.6343397921875 0.540601223255814 0.649102928125 0.5374459186046512 0.6665185734375 0.5387552720930233 0.6714892406249999 0.5481860488372093 0.6690606125 0.5485154337209303 0.6671403890625001 0.5551067651162791 0.6713489984375001 0.5605240337209303 0.6707460843749999 0.5617005337209302 0.67046285 0.5614531186046511 0.6585452609375 0.5580122151162791 0.6432222421875 0.5533687965116278 0.6332131703125 0.5536927604651163 0.6287462671874999
2 0.46647028604651164 0.9075496375000001 0.45001885 0.9041192359375 0.44753301860465117 0.9124973687500001 0.4544611988372093 0.9183435546875 0.4675479081395349 0.9214172796875 0.4712047372093023 0.9133679765625 0.46647028604651164 0.9075496375000001
3 0.28523542674418606 0.8589385109375 0.2735179046511628 0.843030509375 0.26277574418604654 0.851881275 0.2621580988372093 0.8604338171875 0.2641394046511628 0.8690924453125 0.2799612058139535 0.86912928125 0.28523542674418606 0.8589385109375
6 0.5359318 0.7978144421875 0.5260609127906977 0.8048974078125 0.5215566616279069 0.8117266000000001 0.5208406569767442 0.8176563546875 0.5270196674418605 0.8197098 0.5302975244186047 0.8205522437500001 0.5315310825581395 0.8163342609375001 0.5344042104651163 0.8194589000000001 0.5386248360465116 0.8189154515625001 0.5385945930232559 0.8241564609375001 0.5405768581395349 0.8244016593750001 0.541037188372093 0.8161187421875 0.550115084883721 0.8065308328125 0.5511246906976744 0.7992860125 0.5462903360465117 0.7927420109375001 0.5359318 0.7978144421875
3 0.5446830674418605 0.145699221875 0.5527310895348837 0.1464085328125 0.5548154976744186 0.142177921875 0.5649010069767442 0.1479686015625 0.5710551023255814 0.1459023703125 0.5725925325581396 0.1406253625 0.5685195918604651 0.1325086890625 0.5647940593023256 0.13009401874999998 0.5709974197674418 0.1279696890625 0.5705903430232558 0.12516490625 0.55850585 0.12544360937500001 0.5575247244186047 0.12417781875 0.5598565058139534 0.11522181875 0.5565106930232558 0.1137502171875 0.5541614058139535 0.120669784375 0.5481084337209302 0.12422783281250001 0.5412599255813954 0.1323560171875 0.5436320034883722 0.14125535625000002 0.5491188430232559 0.1323382890625 0.549611988372093 0.1351676234375 0.5446830674418605 0.145699221875
2 0.46732552093023255 0.11474765312499999 0.4594990686046512 0.11770091406250001 0.4562730558139535 0.1236318296875 0.4604392279069767 0.129019465625 0.4688217209302326 0.12923621406250002 0.470881711627907 0.130036025 0.4766434151162791 0.12293225156250001 0.4753443313953489 0.11726978749999999 0.46732552093023255 0.11474765312499999
2 0.40915266511627907 0.2544994546875 0.40304277558139534 0.2511281484375 0.40085612093023254 0.2564128234375 0.40239796279069767 0.2644254046875 0.40690196627906977 0.2694188796875 0.4114925895348837 0.26437146875 0.40915266511627907 0.2544994546875
1 0.31532902906976745 0.4623850734375 0.3208592023255814 0.4658858859375 0.32011600348837205 0.470783334375 0.309716661627907 0.474626128125 0.31110730348837207 0.47880163906249995 0.3163667488372093 0.47744489999999995 0.3162687941860465 0.48337341718750004 0.3173372081395349 0.4899119734375 0.3239523441860465 0.474130415625 0.33208775116279066 0.46839935468749994 0.3347363186046512 0.449363553125 0.33566208139534887 0.4353185625 0.3325700872093023 0.43538086875 0.32539538255813955 0.4512887046875 0.3250738011627907 0.440148253125 0.31654316744186045 0.4427508609375 0.31643378139534883 0.4489885703125 0.3184818627906977 0.44982341718749996 0.31532902906976745 0.4623850734375
3 0.5372648034883721 0.5471070203124999 0.5390918883720931 0.54971276875 0.5489382139534884 0.5454901296875 0.5521622779069767 0.5565534796875 0.5591139058139535 0.5567660015625 0.5646180953488372 0.553511590625 0.5649992720930233 0.535639765625 0.564290726744186 0.5269950234375 0.5696964593023256 0.5209411546875 0.5665238360465117 0.5172230843750001 0.5608003011627907 0.5216176531250001 0.558414184883721 0.514703284375 0.5520444023255814 0.5128744453125 0.5476732930232558 0.5192328609375 0.5480658534883721 0.52572963125 0.5377572674418605 0.5280843859375 0.5386177790697675 0.532151978125 0.5496842581395348 0.532067846875 0.5469873941860465 0.53856665625 0.5372648034883721 0.5471070203124999
6 0.7144108779069768 0.36968640625 0.7201923174418605 0.3678612078125 0.7202328244186046 0.386645171875 0.7226209290697674 0.3901900453125 0.7290748313953489 0.38688891875000003 0.7366461360465116 0.39043415000000004 0.7369970499999999 0.371186215625 0.7349510825581396 0.3674914640625 0.7387580988372092 0.3674914640625 0.7323701813953488 0.351354440625 0.7219827883720931 0.3525426546875 0.7169541639534884 0.35548095625 0.7170980802325582 0.3596088484375 0.7213653593023255 0.3589214265625 0.7144108779069768 0.36968640625
2 0.5412272930232558 0.35578972656249996 0.5362039255813954 0.35966656406249997 0.5374121290697674 0.36402609531249996 0.5416639186046511 0.3682096703125 0.5506795883720931 0.3632356234375 0.5517939988372094 0.356902740625 0.5412272930232558 0.35578972656249996
2 0.49057404186046516 0.5018908640624999 0.48749973372093025 0.5044146390625001 0.49100742790697677 0.5053951015625 0.4908675011627907 0.5139683296875 0.4960432476744186 0.5139261109375 0.4995421988372093 0.50838526875 0.4962068465116279 0.49495475625 0.4916214593023256 0.49329699062500004 0.49057404186046516 0.5018908640624999
0 0.4493319953488372 0.6006112421875 0.44100304418604647 0.601889453125 0.44366213604651167 0.6082026921875 0.4521763627906977 0.60689169375 0.4548711418604651 0.6029572890625 0.4493319953488372 0.6006112421875
0 0.4284694023255814 0.53042746875 0.42336477325581395 0.53665824375 0.4245737604651163 0.5396778140625 0.4309440697674419 0.5494851296875 0.4373649953488372 0.5489839921875 0.43965086860465113 0.539723215625 0.43333113255813954 0.5292833109374999 0.4284694023255814 0.53042746875
3 0.4210089034883721 0.8254593140625 0.4150900802325581 0.832458303125 0.41659657209302325 0.836067696875 0.4239462139534884 0.8363115000000001 0.42360297906976746 0.8415469921875 0.42573730697674417 0.84228931875 0.4282749744186047 0.8324483921875 0.4304182581395349 0.8334600703125 0.4372007779069767 0.8418165078125 0.4394550406976744 0.8363243499999999 0.43525699069767443 0.8320795640625 0.4431153662790697 0.8320795640625 0.44314176860465115 0.827356065625 0.4366145139534883 0.8269564765625 0.43524378953488374 0.820155340625 0.43722924069767444 0.8123154859374999 0.4339018430232558 0.8123154859374999 0.4292790988372093 0.819759690625 0.423366073255814 0.8159014156250001 0.41830026395348835 0.8181472671875 0.4141389837209303 0.81517038125 0.4127814906976744 0.819224559375 0.4210089034883721 0.8254593140625
3 0.5105791034883721 0.8833910453125 0.5031095406976744 0.8885230359375 0.50012245 0.8937927296874999 0.5083962779069767 0.8941820734375 0.5150730104651162 0.8996231953124999 0.5183606174418605 0.904579559375 0.5216086825581395 0.8944794609375 0.5252927802325582 0.8876090968750001 0.5315509127906977 0.8798869968749999 0.5213637418604651 0.8843280578125 0.5240568918604651 0.8741611890625001 0.5067004534883721 0.8712986640624999 0.505170126744186 0.87960786875 0.5105791034883721 0.8833910453125
3 0.5244354627906976 0.71738483125 0.5160331093023256 0.7271384640624999 0.510880938372093 0.7367114296875 0.5120707674418604 0.7456083 0.5232411186046512 0.7530184453125 0.5273312093023256 0.7486859406249999 0.5322736639534884 0.7423720203124999 0.5391708325581396 0.748396525 0.5450609290697674 0.737273028125 0.5437161127906976 0.725146490625 0.5345441627906977 0.7158682187500001 0.5244354627906976 0.71738483125
3 0.46914897906976744 0.7208765796875001 0.46135843488372097 0.7219012890625 0.46162231395348835 0.724366846875 0.46986437906976747 0.7272126875 0.47252918023255813 0.7239057484375 0.4831876674418605 0.7270388203125 0.49446191046511623 0.7382338015625 0.4965320337209302 0.7258925656249999 0.5040673 0.7214878687499999 0.5039310546511627 0.7130841609374999 0.49109504418604655 0.7076780890625 0.4880437313953488 0.6899021765625 0.48390737325581396 0.690534609375 0.48597646627906976 0.70832063125 0.47390530813953485 0.7111365140625 0.4631699930232558 0.703898215625 0.4626851581395349 0.7080280140624999 0.4709752848837209 0.7135743359375 0.46914897906976744 0.7208765796875001
2 0.4143504337209302 0.634573340625 0.40839251511627905 0.63684760625 0.40425197790697676 0.6448183609375 0.40700143255813953 0.6472401375 0.4087273418604651 0.6502062734375 0.41435893023255815 0.6497003625 0.41568402093023255 0.6417452578125 0.4143504337209302 0.634573340625
2 0.35105771744186043 0.5435961546875 0.34619992790697673 0.543530234375 0.3453632837209302 0.5486191015624999 0.3510973639534884 0.5559996890625001 0.353978861627907 0.5541658859374999 0.3537767267441861 0.548322115625 0.35105771744186043 0.5435961546875
2 0.3169391011627907 0.5468906375 0.3076801372093023 0.5455668124999999 0.3072424604651163 0.5503892234375 0.3133569279069768 0.5594053765625 0.31731444302325584 0.5582390734375 0.31772186046511625 0.551506784375 0.3169391011627907 0.5468906375
2 0.31755161627906975 0.5242522000000001 0.3150650930232558 0.5166809531250001 0.31027695348837214 0.52333165625 0.3119850488372093 0.5308173515625 0.3184065151162791 0.5308173515625 0.31755161627906975 0.5242522000000001
2 0.3531916 0.628013190625 0.34564815 0.6234655874999999 0.34003273255813954 0.6263828890625 0.3410012 0.6338377921875 0.3484761337209302 0.6350698609375 0.3531916 0.628013190625
2 0.3460755465116279 0.67061461875 0.3413777104651163 0.66460665 0.33677833604651164 0.6680190671874999 0.3362598034883721 0.6773321984375 0.34330228139534885 0.6815452343749999 0.34246472441860465 0.6773053109375 0.3460755465116279 0.67612985625 0.3460755465116279 0.67061461875
3 0.22392601627906975 0.6031764859375001 0.2139249465116279 0.6080680578125001 0.21209403372093022 0.6159422171875 0.22019043023255813 0.6351021640625001 0.23487546860465117 0.6193777078125 0.22392601627906975 0.6031764859375001
2 0.19556921511627906 0.6125139500000001 0.19014168255813954 0.60335924375 0.18568053372093024 0.6041442124999999 0.1856730674418605 0.611079090625 0.1909604534883721 0.61733791875 0.1909604534883721 0.6141807546875 0.19411208023255813 0.6155305249999999 0.19556921511627906 0.6125139500000001
2 0.2440009430232558 0.627976565625 0.24271592674418604 0.6247756140625 0.23688014418604653 0.6323205453125 0.24438149302325582 0.6433732062499999 0.2465301 0.6350912375 0.2440009430232558 0.627976565625
2 0.18917682674418604 0.656155428125 0.18604866279069765 0.6469176546875001 0.18164621395348837 0.646642578125 0.1817410418604651 0.6579938921874999 0.18893989651162793 0.6579951265624999 0.18917682674418604 0.656155428125
2 0.1794874558139535 0.618911825 0.1777069546511628 0.607484675 0.1720297930232558 0.611579190625 0.17207874651162788 0.6200443421874999 0.17681392674418606 0.6225203640625 0.1794874558139535 0.618911825
2 0.26710768953488373 0.659064796875 0.2650069476744186 0.650635915625 0.2607698686046512 0.6481183609375 0.26058712325581396 0.6596309859375 0.2616012220930232 0.6612737281250001 0.26710768953488373 0.659064796875
3 0.38777219999999996 0.6844468546875 0.3842918697674419 0.6866926265625 0.3835480639534884 0.6901364359375 0.38979382209302327 0.695255021875 0.39478645697674414 0.6942923890625 0.3951535674418605 0.6897818046874999 0.38777219999999996 0.6844468546875
3 0.4152371418604651 0.7244146312499999 0.40986256860465115 0.7292076390625 0.4060531534883721 0.7317002046875001 0.4120182825581395 0.7346429734375 0.4106593337209303 0.736999640625 0.41702556046511624 0.7368152484375 0.4207341976744186 0.7478454296875 0.42258962790697674 0.7478454296875 0.4221808790697674 0.7402694765625 0.42561123720930233 0.7415611203125 0.4260007476744186 0.7336950640625 0.42217591395348836 0.7278952203125 0.42592380348837205 0.7192096671875 0.42187983139534885 0.71728370625 0.41996968255813955 0.725019359375 0.4148433034883721 0.7158475046875 0.4133687593023256 0.71760338125 0.4152371418604651 0.7244146312499999
2 0.3660778709302326 0.732477565625 0.3606210058139535 0.73083236875 0.3590826220930233 0.7371662390625 0.3607254069767442 0.74307955625 0.36391331279069766 0.746381246875 0.3660778709302326 0.732477565625
2 0.4455712418604651 0.6529408640625001 0.44017270581395346 0.6512623453125 0.4361541872093023 0.6584272703125 0.44170845116279067 0.6636769765625 0.44581872906976744 0.66805316875 0.44733795581395347 0.65924046875 0.4455712418604651 0.6529408640625001
2 0.3949873523255814 0.6278461609375 0.3895073593023256 0.6271484421875 0.3903530313953488 0.6360197609375 0.4007612639534884 0.633471815625 0.39988066744186046 0.6293985984375 0.3949873523255814 0.6278461609375
2 0.43017641744186047 0.5802762546875 0.43155072790697674 0.5753040546875 0.4204523302325581 0.5692480015625 0.419329061627907 0.5741594203125 0.4205534790697675 0.5796654140624999 0.4248327627906977 0.5798566125 0.43017641744186047 0.5802762546875
2 0.4609833604651163 0.47445265625 0.46020633139534883 0.4659709890625 0.45203369767441864 0.47129871718749994 0.45242940000000004 0.48255906875 0.4599987337209302 0.4852067578125 0.4614100860465116 0.48161951875 0.4609833604651163 0.47445265625
2 0.3947325488372093 0.3807471671875 0.3861173534883721 0.3829576578125 0.38613928953488375 0.3882966984375 0.3899296162790698 0.3925697578125 0.3888670511627907 0.398516134375 0.3946201604651163 0.393983178125 0.3984597534883721 0.39460780156249997 0.3991065441860465 0.38840160468749996 0.3947325488372093 0.3807471671875
2 0.3516490488372093 0.2482219390625 0.3417618604651163 0.2501677640625 0.341759823255814 0.2540203640625 0.3459703476744186 0.26000248593749997 0.35612451627906977 0.25557079374999997 0.3516490488372093 0.2482219390625
2 0.3687453441860465 0.56300405 0.36550323953488373 0.5604023921875 0.36291052093023257 0.56639905 0.3636151174418605 0.573199646875 0.37043547441860464 0.575832615625 0.3687453441860465 0.56300405
2 0.41246456046511626 0.5860815859375 0.4115948465116279 0.589186775 0.4133911 0.5946961921875 0.41738146162790696 0.597548853125 0.42339753837209304 0.5875789734375 0.41823730348837207 0.5852705 0.41587730465116274 0.583231403125 0.41246456046511626 0.5860815859375
3 0.3366902906976744 0.4390539453125 0.33540461744186045 0.4449900203125 0.3343809837209303 0.452854609375 0.33575308953488375 0.4623776484375 0.3387085441860465 0.4655959546875 0.3425043441860465 0.46166643125 0.3417935186046512 0.4544000953125 0.3410229534883721 0.44867616562499996 0.34318747441860464 0.44905146093750004 0.3436471232558139 0.444786334375 0.34063422209302324 0.4404151859375 0.3366902906976744 0.4390539453125
3 0.4927622325581395 0.23510581875 0.48452900581395353 0.23673018906249998 0.4830171174418605 0.2478422046875 0.48963128372093023 0.2555647265625 0.5003890767441861 0.25701900312500003 0.5002078058139535 0.250849996875 0.4927622325581395 0.23510581875
3 0.5651144023255814 0.312768503125 0.5572839534883721 0.3105424359375 0.5556409348837209 0.3223939109375 0.5571509069767442 0.33632694375 0.5642748093023257 0.3399020765625 0.5679428581395349 0.32722243125 0.5651144023255814 0.312768503125
3 0.7841122465116279 0.50929879375 0.782251903488372 0.5156045296875 0.7894942209302325 0.5244010718750001 0.7964836441860466 0.5356494953125 0.8058290581395349 0.5308610203125 0.8051769476744186 0.520839628125 0.811479969767442 0.5201163984375 0.8071294081395349 0.5115313625 0.8014483465116279 0.500386009375 0.7949542802325581 0.501174984375 0.797471126744186 0.5110722265625001 0.7841122465116279 0.50929879375
0 0.6721257290697675 0.42384678437499995 0.6752493430232558 0.43318393593750004 0.6752494395348837 0.4396129453125 0.6807474302325581 0.44178727812499996 0.6831591558139535 0.44579327968750004 0.6890601930232558 0.43584176250000006 0.6937061267441861 0.42161233124999997 0.6849596813953489 0.4246787203125 0.6721257290697675 0.42384678437499995
3 0.46249058953488376 0.029313714062500003 0.4563394069767442 0.028565551562500003 0.45106855581395344 0.041835571875 0.45470587325581396 0.05109251875 0.46554706976744187 0.0539999546875 0.47175666279069767 0.04469469375 0.4670133813953488 0.0341702578125 0.46249058953488376 0.029313714062500003
3 0.44005178139534884 0.5009612031249999 0.4365295872093023 0.5024154000000001 0.4353312988372093 0.516969940625 0.44754292325581396 0.5192136875 0.4598003290697675 0.5131092078124999 0.45355402790697674 0.5023807546875 0.44005178139534884 0.5009612031249999
3 0.4750405546511628 0.411718965625 0.4718185488372093 0.41853091875 0.4726548581395349 0.423233659375 0.48772907325581394 0.4357048703125 0.4918770406976744 0.42815707812500003 0.4875857267441861 0.41830362499999996 0.4750405546511628 0.411718965625
3 0.5812681953488372 0.43402320000000005 0.5780816453488372 0.44015704843750003 0.5792515523255815 0.444094290625 0.5887832081395349 0.4509494046875 0.5960879372093023 0.4503166296875 0.5953787313953488 0.441387953125 0.5812681953488372 0.43402320000000005
3 0.5386435255813954 0.49152805 0.522662576744186 0.4913848203125 0.5234961872093024 0.5001243125 0.5317991627906977 0.5059286984375 0.5410467744186047 0.4992344046875 0.5386435255813954 0.49152805
3 0.4803985453488372 0.552740009375 0.48249491744186046 0.5367163859375 0.4727614593023256 0.53555479375 0.46605514534883724 0.55077091875 0.46980286162790696 0.5552855703125 0.4803985453488372 0.552740009375
2 0.45245591976744187 0.578390675 0.45151948139534887 0.59539051875 0.4573054825581395 0.59539051875 0.4605997406976744 0.59936703125 0.4671434802325582 0.592658353125 0.4617503860465116 0.5781018812500001 0.45245591976744187 0.578390675
2 0.49180767209302323 0.850309134375 0.4749085906976744 0.8519509296875001 0.4731171523255814 0.8630607453125 0.485522211627907 0.863906778125 0.49344114767441866 0.859462109375 0.49180767209302323 0.850309134375
3 0.585029276744186 0.860248375 0.5839996569767442 0.8658418546875 0.5865369790697674 0.8689283937500001 0.5877693906976744 0.8737619609375 0.5931048546511628 0.8733498859375001 0.5952635976744186 0.8650325171875 0.5962152558139535 0.856676696875 0.5934372895348837 0.8532467703125001 0.5865694802325582 0.852494590625 0.585029276744186 0.860248375
3 0.5549790965116279 0.903817609375 0.5512561011627907 0.9032281109375001 0.5485122 0.91140749375 0.5549401325581396 0.9148234437499999 0.5566965837209302 0.912858571875 0.5658902372093023 0.912858571875 0.5664332802325581 0.9088930062499999 0.5610985069767441 0.9063127765625 0.5633924930232558 0.9045062140625 0.5591832465116279 0.9036474218749999 0.5602427372093024 0.8998767140625 0.5549790965116279 0.903817609375