6 0.7297994058139534 0.681473828125 0.7172804674418605 0.66630223125 0.6970078837209303 0.6690896703125 0.6175308302325581 0.7953253328125001 0.6288791604651164 0.7943288015625 0.6484561569767442 0.7626166624999999 0.6495689104651163 0.78320453125 0.6634195627906977 0.7808901015624999 0.6755073732558139 0.8352341953125 0.6944621046511628 0.822272390625 0.7072760046511628 0.7569540640625 0.7117838313953488 0.7226748093750001 0.7152460674418605 0.7090931046875 0.7225407662790697 0.7186361421874999 0.7220343418604651 0.7020780359375001 0.7297994058139534 0.681473828125
6 0.7691076895348836 0.46922506875 0.7511336104651163 0.5151062625 0.75335125 0.525230828125 0.7514904569767442 0.574978575 0.7580554802325582 0.5856153796875 0.761884184883721 0.578566834375 0.7813462651162791 0.6044382875000001 0.796924723255814 0.5982963515625 0.8032146651162791 0.574907478125 0.7865304744186047 0.520039034375 0.7815276627906976 0.5032134421875 0.7908659162790698 0.49070185000000005 0.7851458162790698 0.4736434140625 0.7691076895348836 0.46922506875
6 0.753223615116279 0.3975443171875 0.7469843837209302 0.4109764359375 0.7296953395348837 0.3688103140625 0.7203132744186047 0.3688103140625 0.7143353720930233 0.3854994140625 0.7184978081395348 0.464126159375 0.7266266255813953 0.51759389375 0.705070446511628 0.492945296875 0.7070482197674418 0.5034035546875 0.7251758988372092 0.524829884375 0.7312982627906977 0.5385495390624999 0.7418294651162791 0.5337997484375 0.7498619744186047 0.522555615625 0.7724667523255814 0.464395134375 0.792338876744186 0.3900192078125 0.7858968511627907 0.383059671875 0.7790927988372093 0.38658255 0.7632836813953487 0.42539355937499995 0.7616010290697675 0.3984339328125 0.753223615116279 0.3975443171875
6 0.701436126744186 0.3931448703125 0.6916449186046512 0.39612112499999996 0.6903943779069767 0.40263843125000004 0.6937609976744186 0.400777984375 0.6819124790697675 0.4420256046875 0.6834409011627908 0.457818053125 0.6974774825581396 0.45592059531249995 0.7006556744186047 0.4503679640625 0.7036299197674418 0.4536274359375 0.7169926534883722 0.45958509531249997 0.7198693604651163 0.44947093125000004 0.7153525581395349 0.43587953749999997 0.7087717558139536 0.4060093 0.7060189046511628 0.397087265625 0.701436126744186 0.3931448703125
6 0.5692973941860465 0.7270597640625 0.5552403523255814 0.7418542375 0.5475187941860464 0.7499346578125 0.5459203197674418 0.7532872328125 0.548603373255814 0.7565839734375001 0.5508973604651163 0.7582428734375 0.5704081081395349 0.7573686734375 0.5797059244186047 0.753757040625 0.5800466058139535 0.7511426453125 0.5736153 0.7446218421874999 0.5741811860465116 0.73357533125 0.5737085360465116 0.7270271015625 0.5692973941860465 0.7270597640625
6 0.5926927372093024 0.72203310625 0.5949632 0.7318736453125 0.6022342697674419 0.7437509203125 0.6038183511627907 0.742191525 0.6026076546511627 0.7374709984375001 0.6112005720930233 0.7356841625 0.612185515116279 0.7300385296874999 0.6041093627906976 0.707496121875 0.5959150883720931 0.694750321875 0.5891277162790698 0.6913299921875 0.5869337302325581 0.70314115 0.5926927372093024 0.72203310625
6 0.43854688139534886 0.6585452609375 0.4382994662790698 0.67046285 0.43947596627906976 0.6707460843749999 0.44489323488372096 0.6713489984375001 0.45148456627906974 0.6671403890625001 0.4518139511627907 0.6690606125 0.46124472790697674 0.6714892406249999 0.46255408139534887 0.6665185734375 0.45939877674418605 0.649102928125 0.4541269081395349 0.6343397921875 0.45070237441860467 0.6289134562500001 0.4463072395348837 0.6287462671874999 0.4466312034883721 0.6332131703125 0.4419877848837209 0.6432222421875 0.43854688139534886 0.6585452609375
2 0.5455388011627906 0.9183435546875 0.5524669813953488 0.9124973687500001 0.54998115 0.9041192359375 0.5335297139534884 0.9075496375000001 0.5287952627906977 0.9133679765625 0.532452091860465 0.9214172796875 0.5455388011627906 0.9183435546875
3 0.7378419011627907 0.8604338171875 0.7372242558139536 0.851881275 0.7264820953488371 0.843030509375 0.714764573255814 0.8589385109375 0.7200387941860465 0.86912928125 0.7358605953488372 0.8690924453125 0.7378419011627907 0.8604338171875
6 0.4498849151162791 0.8065308328125 0.458962811627907 0.8161187421875 0.4594231418604651 0.8244016593750001 0.4614054069767442 0.8241564609375001 0.4613751639534884 0.8189154515625001 0.46559578953488373 0.8194589000000001 0.4684689174418604 0.8163342609375001 0.46970247558139533 0.8205522437500001 0.47298033255813954 0.8197098 0.47915934302325586 0.8176563546875 0.478443338372093 0.8117266000000001 0.47393908720930233 0.8048974078125 0.46406820000000004 0.7978144421875 0.4537096639534884 0.7927420109375001 0.44887530930232555 0.7992860125 0.4498849151162791 0.8065308328125
3 0.4563679965116279 0.14125535625000002 0.45874007441860465 0.1323560171875 0.4518915662790698 0.12422783281250001 0.44583859418604654 0.120669784375 0.44348930697674416 0.1137502171875 0.44014349418604654 0.11522181875 0.4424752755813953 0.12417781875 0.44149415000000003 0.12544360937500001 0.42940965697674416 0.12516490625 0.42900258023255816 0.1279696890625 0.43520594069767443 0.13009401874999998 0.43148040813953487 0.1325086890625 0.4274074674418605 0.1406253625 0.42894489767441857 0.1459023703125 0.43509899302325583 0.1479686015625 0.44518450232558143 0.142177921875 0.44726891046511624 0.1464085328125 0.45531693255813954 0.145699221875 0.450388011627907 0.1351676234375 0.4508811569767442 0.1323382890625 0.4563679965116279 0.14125535625000002
2 0.529118288372093 0.130036025 0.5311782790697674 0.12923621406250002 0.5395607720930232 0.129019465625 0.5437269441860465 0.1236318296875 0.5405009313953488 0.11770091406250001 0.5326744790697674 0.11474765312499999 0.5246556686046512 0.11726978749999999 0.5233565848837209 0.12293225156250001 0.529118288372093 0.130036025
2 0.5976020372093024 0.2644254046875 0.5991438790697674 0.2564128234375 0.5969572244186045 0.2511281484375 0.590847334883721 0.2544994546875 0.5885074104651163 0.26437146875 0.5930980337209302 0.2694188796875 0.5976020372093024 0.2644254046875
1 0.6834568325581395 0.4427508609375 0.6749261988372093 0.440148253125 0.6746046174418605 0.4512887046875 0.6674299127906977 0.43538086875 0.6643379186046512 0.4353185625 0.6652636813953489 0.449363553125 0.6679122488372093 0.46839935468749994 0.6760476558139534 0.474130415625 0.6826627918604652 0.4899119734375 0.6837312058139534 0.48337341718750004 0.6836332511627906 0.47744489999999995 0.6888926965116279 0.47880163906249995 0.6902833383720931 0.474626128125 0.6798839965116279 0.470783334375 0.6791407976744187 0.4658858859375 0.6846709709302325 0.4623850734375 0.6815181372093023 0.44982341718749996 0.6835662186046512 0.4489885703125 0.6834568325581395 0.4427508609375
3 0.4613822209302325 0.532151978125 0.4622427325581395 0.5280843859375 0.4519341465116279 0.52572963125 0.4523267069767442 0.5192328609375 0.44795559767441856 0.5128744453125 0.4415858151162791 0.514703284375 0.43919969883720933 0.5216176531250001 0.4334761639534883 0.5172230843750001 0.4303035406976744 0.5209411546875 0.43570927325581393 0.5269950234375 0.4350007279069767 0.535639765625 0.43538190465116283 0.553511590625 0.4408860941860465 0.5567660015625 0.44783772209302325 0.5565534796875 0.45106178604651165 0.5454901296875 0.46090811162790696 0.54971276875 0.4627351965116279 0.5471070203124999 0.45301260581395353 0.53856665625 0.45031574186046514 0.532067846875 0.4613822209302325 0.532151978125
6 0.2830458360465116 0.35548095625 0.27801721162790693 0.3525426546875 0.2676298186046512 0.351354440625 0.2612419011627907 0.3674914640625 0.2650489174418605 0.3674914640625 0.26300295 0.371186215625 0.26335386395348837 0.39043415000000004 0.27092516860465116 0.38688891875000003 0.27737907093023256 0.3901900453125 0.27976717558139536 0.386645171875 0.27980768255813954 0.3678612078125 0.28558912209302323 0.36968640625 0.2786346406976744 0.3589214265625 0.28290191976744183 0.3596088484375 0.2830458360465116 0.35548095625
2 0.45833608139534887 0.3682096703125 0.4625878709302325 0.36402609531249996 0.46379607441860465 0.35966656406249997 0.4587727069767442 0.35578972656249996 0.4482060011627907 0.356902740625 0.449320411627907 0.3632356234375 0.45833608139534887 0.3682096703125
2 0.5004578011627907 0.50838526875 0.5039567523255813 0.5139261109375 0.5091324988372093 0.5139683296875 0.5089925720930233 0.5053951015625 0.5125002662790697 0.5044146390625001 0.5094259581395348 0.5018908640624999 0.5083785406976744 0.49329699062500004 0.5037931534883721 0.49495475625 0.5004578011627907 0.50838526875
0 0.5563378639534884 0.6082026921875 0.5589969558139535 0.601889453125 0.5506680046511627 0.6006112421875 0.5451288581395348 0.6029572890625 0.5478236372093024 0.60689169375 0.5563378639534884 0.6082026921875
0 0.5626350046511628 0.5489839921875 0.5690559302325582 0.5494851296875 0.5754262395348837 0.5396778140625 0.576635226744186 0.53665824375 0.5715305976744186 0.53042746875 0.5666688674418604 0.5292833109374999 0.5603491313953488 0.539723215625 0.5626350046511628 0.5489839921875
3 0.5816997360465116 0.8181472671875 0.576633926744186 0.8159014156250001 0.5707209011627907 0.819759690625 0.5660981569767443 0.8123154859374999 0.5627707593023256 0.8123154859374999 0.5647562104651163 0.820155340625 0.5633854860465116 0.8269564765625 0.5568582313953488 0.827356065625 0.5568846337209302 0.8320795640625 0.5647430093023256 0.8320795640625 0.5605449593023256 0.8363243499999999 0.5627992220930232 0.8418165078125 0.5695817418604652 0.8334600703125 0.5717250255813954 0.8324483921875 0.5742626930232558 0.84228931875 0.5763970209302326 0.8415469921875 0.5760537860465116 0.8363115000000001 0.5834034279069767 0.836067696875 0.5849099197674419 0.832458303125 0.578991096511628 0.8254593140625 0.5872185093023256 0.819224559375 0.5858610162790697 0.81517038125 0.5816997360465116 0.8181472671875
3 0.4759431081395349 0.8741611890625001 0.47863625813953486 0.8843280578125 0.46844908720930234 0.8798869968749999 0.47470721976744185 0.8876090968750001 0.4783913174418605 0.8944794609375 0.48163938255813954 0.904579559375 0.4849269895348837 0.8996231953124999 0.4916037220930233 0.8941820734375 0.49987755 0.8937927296874999 0.4968904593023256 0.8885230359375 0.4894208965116279 0.8833910453125 0.49482987325581396 0.87960786875 0.49329954651162794 0.8712986640624999 0.4759431081395349 0.8741611890625001
3 0.4549390709302325 0.737273028125 0.4608291674418605 0.748396525 0.4677263360465116 0.7423720203124999 0.4726687906976744 0.7486859406249999 0.47675888139534883 0.7530184453125 0.4879292325581396 0.7456083 0.489119061627907 0.7367114296875 0.4839668906976744 0.7271384640624999 0.4755645372093023 0.71738483125 0.4654558372093023 0.7158682187500001 0.4562838872093023 0.725146490625 0.4549390709302325 0.737273028125
3 0.5368300069767442 0.703898215625 0.5260946918604651 0.7111365140625 0.5140235337209302 0.70832063125 0.516092626744186 0.690534609375 0.5119562686046512 0.6899021765625 0.5089049558139535 0.7076780890625 0.4960689453488372 0.7130841609374999 0.4959327 0.7214878687499999 0.5034679662790698 0.7258925656249999 0.5055380895348838 0.7382338015625 0.5168123325581395 0.7270388203125 0.5274708197674419 0.7239057484375 0.5301356209302326 0.7272126875 0.5383776860465117 0.724366846875 0.538641565116279 0.7219012890625 0.5308510209302326 0.7208765796875001 0.529024715116279 0.7135743359375 0.5373148418604651 0.7080280140624999 0.5368300069767442 0.703898215625
2 0.5912726581395349 0.6502062734375 0.5929985674418604 0.6472401375 0.5957480220930232 0.6448183609375 0.591607484883721 0.63684760625 0.5856495662790698 0.634573340625 0.5843159790697675 0.6417452578125 0.5856410697674419 0.6497003625 0.5912726581395349 0.6502062734375
2 0.6489026360465117 0.5559996890625001 0.6546367162790697 0.5486191015624999 0.6538000720930233 0.543530234375 0.6489422825581396 0.5435961546875 0.646223273255814 0.548322115625 0.646021138372093 0.5541658859374999 0.6489026360465117 0.5559996890625001
2 0.6866430720930233 0.5594053765625 0.6927575395348837 0.5503892234375 0.6923198627906977 0.5455668124999999 0.6830608988372093 0.5468906375 0.6822781395348837 0.551506784375 0.6826855569767443 0.5582390734375 0.6866430720930233 0.5594053765625
2 0.689723046511628 0.52333165625 0.6849349069767442 0.5166809531250001 0.6824483837209303 0.5242522000000001 0.681593484883721 0.5308173515625 0.6880149511627907 0.5308173515625 0.689723046511628 0.52333165625
2 0.6599672674418605 0.6263828890625 0.65435185 0.6234655874999999 0.6468084 0.628013190625 0.6515238662790698 0.6350698609375 0.6589988 0.6338377921875 0.6599672674418605 0.6263828890625
2 0.6566977186046512 0.6815452343749999 0.6637401965116279 0.6773321984375 0.6632216639534884 0.6680190671874999 0.6586222895348837 0.66460665 0.6539244534883721 0.67061461875 0.6539244534883721 0.67612985625 0.6575352755813954 0.6773053109375 0.6566977186046512 0.6815452343749999
3 0.7879059662790698 0.6159422171875 0.786075053488372 0.6080680578125001 0.7760739837209303 0.6031764859375001 0.7651245313953489 0.6193777078125 0.7798095697674418 0.6351021640625001 0.7879059662790698 0.6159422171875
2 0.8090395465116279 0.61733791875 0.8143269325581395 0.611079090625 0.8143194662790698 0.6041442124999999 0.8098583174418605 0.60335924375 0.8044307848837209 0.6125139500000001 0.8058879197674419 0.6155305249999999 0.8090395465116279 0.6141807546875 0.8090395465116279 0.61733791875
2 0.7631198558139536 0.6323205453125 0.757284073255814 0.6247756140625 0.7559990569767442 0.627976565625 0.7534699 0.6350912375 0.7556185069767442 0.6433732062499999 0.7631198558139536 0.6323205453125
2 0.8183537860465117 0.646642578125 0.8139513372093024 0.6469176546875001 0.8108231732558139 0.656155428125 0.8110601034883721 0.6579951265624999 0.818258958139535 0.6579938921874999 0.8183537860465117 0.646642578125
2 0.8279702069767443 0.611579190625 0.8222930453488372 0.607484675 0.8205125441860466 0.618911825 0.8231860732558139 0.6225203640625 0.8279212534883721 0.6200443421874999 0.8279702069767443 0.611579190625
2 0.7392301313953489 0.6481183609375 0.7349930523255814 0.650635915625 0.7328923104651163 0.659064796875 0.7383987779069768 0.6612737281250001 0.7394128767441861 0.6596309859375 0.7392301313953489 0.6481183609375
3 0.6102061779069768 0.695255021875 0.6164519360465117 0.6901364359375 0.6157081302325582 0.6866926265625 0.6122278 0.6844468546875 0.6048464325581395 0.6897818046874999 0.6052135430232558 0.6942923890625 0.6102061779069768 0.695255021875
3 0.5800303174418605 0.725019359375 0.5781201686046511 0.71728370625 0.5740761965116279 0.7192096671875 0.5778240860465117 0.7278952203125 0.5739992523255815 0.7336950640625 0.5743887627906976 0.7415611203125 0.5778191209302326 0.7402694765625 0.5774103720930233 0.7478454296875 0.5792658023255813 0.7478454296875 0.5829744395348837 0.7368152484375 0.5893406662790698 0.736999640625 0.5879817174418605 0.7346429734375 0.5939468465116279 0.7317002046875001 0.5901374313953488 0.7292076390625 0.5847628581395349 0.7244146312499999 0.5866312406976744 0.71760338125 0.5851566965116279 0.7158475046875 0.5800303174418605 0.725019359375
2 0.6409173779069768 0.7371662390625 0.6393789941860466 0.73083236875 0.6339221290697675 0.732477565625 0.6360866872093023 0.746381246875 0.6392745930232558 0.74307955625 0.6409173779069768 0.7371662390625
2 0.5582915488372093 0.6636769765625 0.5638458127906977 0.6584272703125 0.5598272941860465 0.6512623453125 0.554428758139535 0.6529408640625001 0.5526620441860465 0.65924046875 0.5541812709302325 0.66805316875 0.5582915488372093 0.6636769765625
2 0.6096469686046512 0.6360197609375 0.6104926406976745 0.6271484421875 0.6050126476744186 0.6278461609375 0.6001193325581395 0.6293985984375 0.5992387360465117 0.633471815625 0.6096469686046512 0.6360197609375
2 0.580670938372093 0.5741594203125 0.5795476697674419 0.5692480015625 0.5684492720930233 0.5753040546875 0.5698235825581395 0.5802762546875 0.5751672372093023 0.5798566125 0.5794465209302325 0.5796654140624999 0.580670938372093 0.5741594203125
2 0.5475706 0.48255906875 0.5479663023255814 0.47129871718749994 0.5397936686046512 0.4659709890625 0.5390166395348837 0.47445265625 0.5385899139534883 0.48161951875 0.5400012662790697 0.4852067578125 0.5475706 0.48255906875
2 0.6053798395348837 0.393983178125 0.6111329488372094 0.398516134375 0.6100703837209303 0.3925697578125 0.6138607104651163 0.3882966984375 0.6138826465116279 0.3829576578125 0.6052674511627907 0.3807471671875 0.6008934558139535 0.38840160468749996 0.601540246511628 0.39460780156249997 0.6053798395348837 0.393983178125
2 0.658240176744186 0.2540203640625 0.6582381395348836 0.2501677640625 0.6483509511627907 0.2482219390625 0.6438754837209303 0.25557079374999997 0.6540296523255814 0.26000248593749997 0.658240176744186 0.2540203640625
2 0.6370894790697675 0.56639905 0.6344967604651162 0.5604023921875 0.6312546558139535 0.56300405 0.6295645255813953 0.575832615625 0.6363848825581396 0.573199646875 0.6370894790697675 0.56639905
2 0.576602461627907 0.5875789734375 0.582618538372093 0.597548853125 0.5866089 0.5946961921875 0.5884051534883721 0.589186775 0.5875354395348837 0.5860815859375 0.5841226953488372 0.583231403125 0.5817626965116279 0.5852705 0.576602461627907 0.5875789734375
3 0.6568125255813954 0.44905146093750004 0.6589770465116279 0.44867616562499996 0.6582064813953489 0.4544000953125 0.6574956558139535 0.46166643125 0.6612914558139534 0.4655959546875 0.6642469104651163 0.4623776484375 0.6656190162790698 0.452854609375 0.6645953825581394 0.4449900203125 0.6633097093023257 0.4390539453125 0.6593657779069768 0.4404151859375 0.6563528767441861 0.444786334375 0.6568125255813954 0.44905146093750004
3 0.5103687162790698 0.2555647265625 0.5169828825581395 0.2478422046875 0.5154709941860465 0.23673018906249998 0.5072377674418604 0.23510581875 0.4997921941860465 0.250849996875 0.49961092325581397 0.25701900312500003 0.5103687162790698 0.2555647265625
3 0.4428490930232558 0.33632694375 0.4443590651162791 0.3223939109375 0.4427160465116279 0.3105424359375 0.43488559767441864 0.312768503125 0.4320571418604651 0.32722243125 0.4357251906976744 0.3399020765625 0.4428490930232558 0.33632694375
3 0.1985516534883721 0.500386009375 0.19287059186046512 0.5115313625 0.18852003023255814 0.5201163984375 0.1948230523255814 0.520839628125 0.1941709418604651 0.5308610203125 0.2035163558139535 0.5356494953125 0.21050577906976742 0.5244010718750001 0.2177480965116279 0.5156045296875 0.21588775348837208 0.50929879375 0.20252887325581398 0.5110722265625001 0.20504571976744185 0.501174984375 0.1985516534883721 0.500386009375
0 0.31093980697674417 0.43584176250000006 0.3168408441860465 0.44579327968750004 0.3192525697674419 0.44178727812499996 0.3247505604651163 0.4396129453125 0.3247506569767442 0.43318393593750004 0.3278742709302326 0.42384678437499995 0.31504031860465115 0.4246787203125 0.306293873255814 0.42161233124999997 0.31093980697674417 0.43584176250000006
3 0.5344529302325581 0.0539999546875 0.545294126744186 0.05109251875 0.5489314441860466 0.041835571875 0.5436605930232559 0.028565551562500003 0.5375094104651162 0.029313714062500003 0.5329866186046511 0.0341702578125 0.5282433372093023 0.04469469375 0.5344529302325581 0.0539999546875
3 0.5524570767441861 0.5192136875 0.5646687011627908 0.516969940625 0.5634704127906977 0.5024154000000001 0.5599482186046512 0.5009612031249999 0.5464459720930233 0.5023807546875 0.5401996709302326 0.5131092078124999 0.5524570767441861 0.5192136875
3 0.5122709267441861 0.4357048703125 0.5273451418604651 0.423233659375 0.5281814511627907 0.41853091875 0.5249594453488372 0.411718965625 0.5124142732558139 0.41830362499999996 0.5081229593023255 0.42815707812500003 0.5122709267441861 0.4357048703125
3 0.4112167918604651 0.4509494046875 0.4207484476744186 0.444094290625 0.4219183546511628 0.44015704843750003 0.4187318046511628 0.43402320000000005 0.40462126860465114 0.441387953125 0.4039120627906977 0.4503166296875 0.4112167918604651 0.4509494046875
3 0.47650381279069765 0.5001243125 0.4773374232558139 0.4913848203125 0.46135647441860467 0.49152805 0.45895322558139534 0.4992344046875 0.46820083720930233 0.5059286984375 0.47650381279069765 0.5001243125
3 0.5272385406976744 0.53555479375 0.5175050825581395 0.5367163859375 0.5196014546511628 0.552740009375 0.530197138372093 0.5552855703125 0.5339448546511628 0.55077091875 0.5272385406976744 0.53555479375
2 0.5394002593023256 0.59936703125 0.5426945174418605 0.59539051875 0.5484805186046512 0.59539051875 0.5475440802325581 0.578390675 0.5382496139534884 0.5781018812500001 0.5328565197674419 0.592658353125 0.5394002593023256 0.59936703125
2 0.5268828476744186 0.8630607453125 0.5250914093023256 0.8519509296875001 0.5081923279069768 0.850309134375 0.5065588523255814 0.859462109375 0.514477788372093 0.863906778125 0.5268828476744186 0.8630607453125
3 0.40378474418604654 0.856676696875 0.4047364023255814 0.8650325171875 0.4068951453488372 0.8733498859375001 0.4122306093023256 0.8737619609375 0.4134630209302325 0.8689283937500001 0.4160003430232558 0.8658418546875 0.41497072325581397 0.860248375 0.4134305197674419 0.852494590625 0.4065627104651163 0.8532467703125001 0.40378474418604654 0.856676696875
3 0.4366075069767442 0.9045062140625 0.4389014930232558 0.9063127765625 0.4335667197674419 0.9088930062499999 0.4341097627906977 0.912858571875 0.4433034162790698 0.912858571875 0.4450598674418605 0.9148234437499999 0.45148780000000005 0.91140749375 0.44874389883720933 0.9032281109375001 0.4450209034883721 0.903817609375 0.43975726279069766 0.8998767140625 0.4408167534883721 0.9036474218749999 0.4366075069767442 0.9045062140625