5 0.7211991906976745 0.5689612953125 0.719340003488372 0.606455609375 0.7570713581395349 0.5908926140624999 0.7496038720930231 0.5572143234375 0.7542302639534884 0.5426317171874999 0.7557722302325581 0.5188464734375 0.7464218779069768 0.4972310953125 0.7296937139534884 0.5102587562500001 0.7211991906976745 0.5689612953125
5 0.7122670325581396 0.7389278953125 0.7193927197674418 0.7595525234375 0.7093107581395349 0.7720670609375 0.7312590197674418 0.7867970109375 0.7280752290697674 0.7628978546875 0.7359580313953488 0.7533203375 0.7575785162790697 0.6916479859375 0.7608771779069767 0.6874232796874999 0.7487510465116278 0.6766785328125 0.7289134139534884 0.7192199515625 0.719799523255814 0.7147891515625 0.7122670325581396 0.7389278953125
3 0.683329376744186 0.7977183640625001 0.668198 0.8114316046875001 0.6820164127906977 0.8227862578125 0.6922343883720931 0.8366126265625 0.7110723139534884 0.8192853093749999 0.7159915662790698 0.7944319906249999 0.7141640151162791 0.7794362875 0.6938679476744186 0.77358835 0.6790619639534884 0.7737403984375 0.6875479755813954 0.791296428125 0.683329376744186 0.7977183640625001
4 0.7484496732558139 0.781583990625 0.755067211627907 0.769680575 0.748779988372093 0.7554813296875 0.7350341639534883 0.7533010625000001 0.7259346046511628 0.7635662640625 0.732205761627907 0.7808883 0.7484496732558139 0.781583990625
3 0.6257174569767442 0.6057692453125 0.6328814034883721 0.5916087343750001 0.6378350465116279 0.58051015625 0.6261120965116279 0.5701560953125 0.6089047883720929 0.595669134375 0.6126619790697675 0.606864621875 0.6257174569767442 0.6057692453125
4 0.6552077744186047 0.3610067796875 0.6571612476744186 0.3494854453125 0.6501929034883721 0.3275473984375 0.6265185279069767 0.32207741562500003 0.6222269081395349 0.3426703453125 0.6268412593023256 0.354365271875 0.6464609093023256 0.360848209375 0.6552077744186047 0.3610067796875
2 0.5633370337209302 0.9438745234375 0.5629841220930232 0.9341489203125001 0.5599646069767442 0.924509246875 0.5480638848837209 0.9263624703125 0.5483188569767442 0.9380314562500001 0.5528148069767441 0.9463915343749999 0.5633370337209302 0.9438745234375
2 0.4812911465116279 0.595134984375 0.47817997558139536 0.5854737671875 0.4684820976744186 0.59222803125 0.4684820976744186 0.606194890625 0.4816846093023256 0.609826509375 0.4812911465116279 0.595134984375
2 0.5894121755813954 0.477634403125 0.5896787244186046 0.5076359234375001 0.5978237720930232 0.5050138734375 0.6053874953488372 0.4810783140625 0.5894121755813954 0.477634403125
2 0.6412615813953488 0.5068297453125 0.6295041790697675 0.508649825 0.6283458941860466 0.5227398015625 0.6389710755813953 0.530408584375 0.6434679848837209 0.525300190625 0.6412615813953488 0.5068297453125
2 0.5410422372093023 0.33185588906249996 0.5471079802325581 0.32852291875 0.546575223255814 0.3180199453125 0.5390071046511627 0.3122043859375 0.5279888023255814 0.3148155390625 0.5299004569767441 0.32754500468750003 0.5410422372093023 0.33185588906249996
2 0.34046981279069766 0.103314365625 0.34249287790697674 0.0924365765625 0.3339488325581395 0.087406784375 0.32600552325581394 0.09212755624999999 0.3287019104651163 0.10249416874999999 0.3316779 0.10635548125000001 0.34046981279069766 0.103314365625
2 0.4030292767441861 0.3653558890625 0.4057527523255814 0.3561366953125 0.40499151744186046 0.3487111546875 0.3962376081395349 0.3516235296875 0.39425202441860463 0.3627522703125 0.40007088372093025 0.3677020703125 0.4030292767441861 0.3653558890625
2 0.4584179558139535 0.44726024999999997 0.45189145 0.44788372968749995 0.4567642523255814 0.4610237171875 0.46746265 0.4611094171875 0.4676884511627907 0.4489915578125 0.4584179558139535 0.44726024999999997
2 0.41424073255813953 0.679465409375 0.4057402906976744 0.68246070625 0.40625760930232563 0.68659793125 0.41544713139534883 0.6865520843749999 0.41424073255813953 0.679465409375
2 0.5112137825581395 0.74250383125 0.49647434186046513 0.7462976328125001 0.49408208488372096 0.7546219375 0.5138807755813953 0.7540075421875 0.5112137825581395 0.74250383125
2 0.3821776593023256 0.791034721875 0.38063783837209303 0.78604260625 0.3742485569767442 0.7868709593750001 0.3769950127906977 0.7973256890625 0.38213379186046514 0.7986986703125 0.3821776593023256 0.791034721875