4 0.3402303476744186 0.23069151875 0.3406369186046511 0.23480266562500002 0.3534680406976744 0.2354372546875 0.33694565697674417 0.24830581875000002 0.3326891639534884 0.260241015625 0.33907430930232557 0.267969425 0.3597480406976744 0.2592015203125 0.37122177790697675 0.2392502515625 0.3656299651162791 0.2279251734375 0.3581268976744186 0.2311419484375 0.3497017465116279 0.22666330937499998 0.34833291744186046 0.229185425 0.3402303476744186 0.23069151875
4 0.21696166860465116 0.34672715468750004 0.22726206279069766 0.3370572015625 0.23303182906976744 0.32080864375 0.2316854465116279 0.31686618125 0.23048502325581394 0.2991438484375 0.22882031395348837 0.29976925468750004 0.2197808976744186 0.3073392765625 0.21017746744186047 0.3235790453125 0.21224021627906978 0.3444139625 0.21696166860465116 0.34672715468750004
4 0.2565339348837209 0.32774599531250004 0.25548151744186043 0.3443993234375 0.26104147209302325 0.358509871875 0.26923478720930233 0.360958065625 0.27150352674418604 0.3560688609375 0.2695837941860465 0.350540509375 0.27767837558139535 0.3422650484375 0.2769873988372093 0.3245983296875 0.27523946627906976 0.3199745875 0.2682412476744186 0.306193384375 0.2636651034883721 0.308488703125 0.2657558162790698 0.31294317031249996 0.2623935441860465 0.3149055015625 0.2614473558139535 0.32212395625 0.2565339348837209 0.32774599531250004
4 0.26514237558139536 0.385288775 0.2862175848837209 0.39206044218749997 0.2962833593023256 0.3794065578125 0.2910046337209302 0.37270514375 0.29040433953488376 0.36939053906249997 0.28722633953488375 0.36881985625 0.2859149534883721 0.36512495624999997 0.2828460523255814 0.3667540265625 0.2663833 0.3639186015625 0.26238923023255817 0.3640051921875 0.2587141 0.3756347625 0.26514237558139536 0.385288775
4 0.2711844023255814 0.419434628125 0.27505432558139536 0.41722123906249997 0.28094616976744186 0.423430103125 0.2831561 0.42078811875 0.27737513953488374 0.41587386562499995 0.28418087906976747 0.4125983171875 0.28416972441860466 0.4042239625 0.28343512441860463 0.3921044234375 0.2676221558139535 0.3852855359375 0.25886828488372093 0.3835322578125 0.2572889906976744 0.39216615312499997 0.25979816627906976 0.405802590625 0.26941212093023253 0.414711159375 0.2711844023255814 0.419434628125
4 0.3802382558139535 0.42041073906250004 0.3829122430232558 0.4155743375 0.37968742906976743 0.40945410000000004 0.38238116976744185 0.4032232203125 0.38159847558139537 0.39813730937499997 0.3856727162790698 0.38410552343750004 0.3793886034883721 0.3776626109375 0.374975223255814 0.3876167234375 0.3760943534883721 0.368068928125 0.3723929802325582 0.3669032890625 0.35855563604651164 0.395189578125 0.368812611627907 0.4172221109375 0.3802382558139535 0.42041073906250004
4 0.44398127558139533 0.450859903125 0.43614942906976745 0.44502316249999996 0.43015994534883717 0.4372523015625 0.4203366465116279 0.43929208124999997 0.4135905069767442 0.43767878906249996 0.4043717686046512 0.4436523796875 0.41066698720930234 0.45522290625000006 0.4326963488372093 0.4688609171875 0.44488194767441863 0.4595792875 0.44398127558139533 0.450859903125
4 0.39800029186046515 0.5677698796875 0.4083780558139535 0.56678903125 0.4092361686046512 0.5647663640625 0.42557807209302323 0.561446534375 0.42598554651162795 0.549696346875 0.4136111569767442 0.5447970703125 0.40850367558139533 0.5416219640625 0.39977211395348833 0.5431839093749999 0.39678752209302326 0.539974371875 0.3926963 0.54433973125 0.3850246023255814 0.5519538734375 0.3856013476744186 0.55962018125 0.38751127325581397 0.55962018125 0.39800029186046515 0.5677698796875
4 0.4932129058139535 0.6717626546875 0.5028504093023256 0.6698571484375 0.508008511627907 0.662793878125 0.510338176744186 0.6492448375000001 0.5077768290697674 0.6366421812499999 0.5003015139534883 0.6307297375 0.49378995465116277 0.621611871875 0.4879962976744186 0.6227335890625 0.48392379418604653 0.634443178125 0.48461932906976746 0.6565455484375 0.4932129058139535 0.6717626546875
4 0.29276138604651164 0.659060209375 0.29145157209302325 0.6653054671875 0.29465053372093025 0.6710070499999999 0.3007676767441861 0.6723816203124999 0.3043922651162791 0.6838852656250001 0.3084909627906977 0.6829595515625 0.311959911627907 0.6686484187499999 0.3110338069767442 0.667815925 0.31803556860465115 0.6530644859375 0.312598423255814 0.6439037125 0.32424688604651164 0.6381976 0.32317481627906974 0.6357382953124999 0.3130820569767442 0.63578555625 0.305804911627907 0.6424924484375001 0.2955834895348837 0.6502665750000001 0.29276138604651164 0.659060209375
4 0.2552227441860465 0.6311029593749999 0.26580902325581396 0.637873975 0.2699603906976744 0.6352081015625 0.2602103930232558 0.626594621875 0.2784241604651163 0.6320767265625 0.2837671302325581 0.6278957640625 0.2821270069767442 0.6093282234374999 0.27669045697674416 0.6097782765625 0.2729572593023256 0.60427911875 0.25759371976744183 0.6034666890625 0.24655645232558138 0.6114344171874999 0.2456701546511628 0.6192265265625 0.25442831046511627 0.625001225 0.2552227441860465 0.6311029593749999
4 0.2363502534883721 0.574235290625 0.25273532209302324 0.5714133734375 0.25866789069767443 0.5626451921875 0.26386485348837213 0.5535353109375001 0.2589606941860465 0.543960984375 0.24421016627906977 0.5392535078125 0.23350966627906974 0.54419843125 0.22577023953488373 0.554298984375 0.2206440988372093 0.561440340625 0.2229541 0.5702160562499999 0.2363502534883721 0.574235290625
4 0.265142873255814 0.50194545625 0.2719981395348837 0.4905943921875 0.2696742220930232 0.5034210406249999 0.2744230941860465 0.5157896328125 0.2790506593023256 0.5177218140625001 0.28618794651162793 0.51085258125 0.29265136395348834 0.4910251875 0.28446824767441864 0.46488134375 0.27597693604651163 0.464118803125 0.27443449302325584 0.47372200312499996 0.2651239104651163 0.47640079999999996 0.265142873255814 0.50194545625
4 0.4613672813953489 0.38390693124999997 0.4702099906976744 0.3930228765625 0.4726824325581395 0.3892731375 0.4514193488372093 0.3598348921875 0.4563936674418605 0.35719859375 0.4485318313953488 0.3516512765625 0.4450303453488372 0.347220596875 0.43922864651162785 0.34750282499999996 0.4354714511627907 0.3596518234375 0.44078156162790694 0.3833225671875 0.4574620406976744 0.3911494578125 0.4613672813953489 0.38390693124999997
4 0.5773122255813954 0.8797746875 0.5859296651162791 0.8774319515625001 0.595139861627907 0.8653999562499999 0.6032233662790698 0.8507556859375001 0.6007703790697674 0.8441015640625 0.5892407186046512 0.8413913109375001 0.5793941581395349 0.8439714 0.5743732162790698 0.8575080749999999 0.5738200546511628 0.865523453125 0.5716330290697674 0.870556696875 0.5773122255813954 0.8797746875
2 0.14442262558139535 0.374801615625 0.14994938255813953 0.3669398890625 0.14922075581395347 0.3564184828125 0.1425077011627907 0.351209 0.14125691162790696 0.35862927187500004 0.13479917093023255 0.35847699375 0.13500201279069768 0.37041620937499997 0.14442262558139535 0.374801615625
2 0.27053907674418604 0.26010645 0.2778706406976744 0.26311534375 0.2839667465116279 0.2574263109375 0.2835895081395349 0.2445934234375 0.27930351279069765 0.241221721875 0.27347497441860463 0.24164834062499999 0.2725390593023256 0.24897668125 0.2669440965116279 0.251124765625 0.2693785872093023 0.2549962578125 0.27053907674418604 0.26010645
2 0.2968785872093023 0.139261396875 0.2931395976744186 0.126627415625 0.2832535639534884 0.129548828125 0.28165471511627904 0.1356057078125 0.2816256046511628 0.142697659375 0.2876810860465116 0.1486650265625 0.2968785872093023 0.139261396875
2 0.4402176325581395 0.159957865625 0.443157 0.157687003125 0.44743004767441863 0.1498867359375 0.4451848290697674 0.1437722484375 0.43731889999999995 0.14318101249999998 0.4331923453488372 0.1474102125 0.4329194046511628 0.148531040625 0.43272211046511627 0.1565048359375 0.4402176325581395 0.159957865625
2 0.5795712872093023 0.10958016875000001 0.5715104674418605 0.116636984375 0.576080088372093 0.1290203046875 0.5818969593023255 0.1296474296875 0.5858726476744186 0.12090397187499999 0.5795712872093023 0.10958016875000001
2 0.6238132058139535 0.156796425 0.6186386953488372 0.1573092921875 0.6147878395348837 0.16939264375000002 0.6218188395348837 0.175586228125 0.6245868011627906 0.1678243578125 0.6238132058139535 0.156796425
2 0.5957617151162792 0.402856225 0.5918626976744186 0.3931660765625 0.588457261627907 0.393596025 0.583019041860465 0.406775959375 0.5862067127906977 0.408981390625 0.5941287918604651 0.4066330546875 0.5957617151162792 0.402856225
2 0.6352626941860465 0.31074503125 0.6347298558139535 0.3270793984375 0.6450257197674418 0.3311330515625 0.649482753488372 0.3164520625 0.6352626941860465 0.31074503125
2 0.5535089976744186 0.5769275281249999 0.5550507558139535 0.5917957453125 0.567714823255814 0.5878122828125 0.5593148720930232 0.5771759953125 0.5535089976744186 0.5769275281249999
2 0.5551504837209302 0.618511834375 0.555581473255814 0.636404990625 0.5648800139534884 0.6336512812499999 0.5683025872093024 0.62064795625 0.5551504837209302 0.618511834375
2 0.682979423255814 0.622619421875 0.6703827837209302 0.6290173421875 0.6695418034883721 0.6402625359375 0.680395846511628 0.6445959343750001 0.6869873976744186 0.6414457203125 0.682979423255814 0.622619421875
2 0.722037888372093 0.6468276765625001 0.7172446779069768 0.6486882953124999 0.7158900906976744 0.659531078125 0.7250629755813954 0.6649050203125 0.7321877686046511 0.65873635625 0.722037888372093 0.6468276765625001
2 0.4186941941860465 0.6886708890625 0.4197730755813953 0.6981408124999999 0.4241585279069768 0.7012541125 0.4285420093023256 0.6910398890625 0.42896532093023254 0.6841579234374999 0.4258626930232558 0.682376478125 0.42129655232558144 0.6827943624999999 0.4153511825581396 0.68043035 0.41183681627906976 0.6864847562499999 0.4186941941860465 0.6886708890625
2 0.3979571325581395 0.7468791218749999 0.39393795 0.7511852546875 0.39975350581395347 0.75574659375 0.4029348895348837 0.749708871875 0.4065101186046512 0.7539607140625 0.40935326279069767 0.752076478125 0.40476168023255815 0.74746723125 0.4099234906976744 0.7411887546875 0.4010802279069767 0.735523728125 0.40037245930232557 0.735993865625 0.398807484883721 0.7427150484375 0.3935174546511628 0.7405103890625 0.3917287 0.7435691109375 0.3979571325581395 0.7468791218749999
2 0.3288006790697674 0.886170590625 0.32380827674418605 0.8807092843750001 0.31972663488372094 0.883661425 0.3148915686046512 0.8889142 0.3148915686046512 0.8955966312499999 0.32049729186046516 0.89820948125 0.3288006790697674 0.886170590625
2 0.4085561837209302 0.8802715859375001 0.40125143255813955 0.8783875828125 0.3996910720930233 0.8861574296875 0.41056831627906976 0.8931816703125 0.4156896627906977 0.88598225 0.4085561837209302 0.8802715859375001
2 0.5450558825581395 0.8379975734375 0.546971603488372 0.8422896890624999 0.5548167209302326 0.83702143125 0.5503927639534884 0.8263494296875 0.5487397406976744 0.8297789109375 0.5412398697674419 0.8297827890624999 0.5402370720930233 0.8358822671875 0.5450558825581395 0.8379975734375
2 0.5682096488372094 0.50403196875 0.5655882162790697 0.50089825 0.561440323255814 0.5018974171874999 0.5595302825581395 0.508754490625 0.5615015174418605 0.516219428125 0.5659735546511628 0.5166185703124999 0.5682096488372094 0.50403196875
2 0.6234345802325582 0.516673078125 0.6201504872093023 0.517643928125 0.6155338372093023 0.5250684390625 0.6184292290697675 0.5292923421875 0.6244284279069768 0.522980778125 0.6234345802325582 0.516673078125
2 0.7167752011627908 0.310534690625 0.72205435 0.3035549390625 0.7215729895348837 0.29417899531249997 0.7171739255813954 0.291847534375 0.7170776418604652 0.2913697328125 0.7147610720930233 0.29723919374999996 0.7123377918604651 0.29560187187500003 0.7116868151162791 0.306019471875 0.7167752011627908 0.310534690625
2 0.6620505232558139 0.28494136718749996 0.6644562406976744 0.286408665625 0.6658655313953489 0.28363571875 0.6697089837209304 0.280789609375 0.6695239906976743 0.27811123125 0.6599578465116279 0.2758498109375 0.6606024720930233 0.2805054953125 0.662811626744186 0.2811594953125 0.6620505232558139 0.28494136718749996
7 0.4978671848837209 0.22815962031249998 0.4934539290697675 0.21657194375 0.48816671627906977 0.217956125 0.47968393255813957 0.2258339765625 0.48097213023255814 0.23397825 0.4933155802325581 0.23683606406250002 0.4978671848837209 0.22815962031249998
6 0.42488866395348834 0.3452042984375 0.41685012093023255 0.339056084375 0.39615606744186044 0.3633522109375 0.400404061627907 0.3750474046875 0.40844283837209305 0.3716493796875 0.42488866395348834 0.3452042984375
2 0.4384953465116279 0.231171746875 0.43162311511627904 0.22994289218750003 0.4320630197674419 0.238516771875 0.4368001151162791 0.24095449375000003 0.44064559651162793 0.2371919203125 0.4384953465116279 0.231171746875
4 0.3337672802325581 0.640958465625 0.32821640116279066 0.6423813984375 0.32577571279069767 0.6471731843749999 0.32870146395348837 0.6616240484375 0.3322637976744186 0.6648957249999999 0.33764207906976745 0.6624768109375 0.3337672802325581 0.640958465625