4 0.34803697906976744 0.8564562578125001 0.3395513023255814 0.8786379249999999 0.34055387093023254 0.8943359015624999 0.35021640697674417 0.904073928125 0.36636960348837205 0.8999444796875 0.37797591395348834 0.8989710546874999 0.39161270348837207 0.8684773390625 0.40747553255813956 0.83331014375 0.4147113546511628 0.8145301671875 0.4029294569767442 0.8078675531249999 0.3994744476744186 0.8152957578125 0.389934238372093 0.8070972078124999 0.3896365674418605 0.7917847921875001 0.3827830139534884 0.7955790781250001 0.37975359767441863 0.8078625890625 0.3707834593023256 0.812867634375 0.35803501279069766 0.833924203125 0.34803697906976744 0.8564562578125001
4 0.35648721744186046 0.73866631875 0.35870938604651165 0.7318806484375 0.3536570930232558 0.728634428125 0.34944727093023253 0.6953263625 0.33403124651162786 0.697298003125 0.32872056279069767 0.7104987781250001 0.3307538046511628 0.7333509609375 0.34442733953488375 0.7468354171875 0.35648721744186046 0.73866631875
4 0.3030547906976744 0.7003083515624999 0.2943584476744186 0.6832004375 0.2871599418604651 0.6757891 0.28294685930232555 0.67894805625 0.27970587790697676 0.6933434828125 0.2818171244186047 0.714596990625 0.29961179767441865 0.7206617750000001 0.3030547906976744 0.7003083515624999
4 0.32199211279069767 0.576602853125 0.3236096558139535 0.5898997671874999 0.333056426744186 0.59031575 0.33720072906976745 0.6047220156249999 0.33487445813953487 0.6233929640625 0.3453274860465116 0.6213642609375001 0.348706311627907 0.6091329234375 0.35967802674418603 0.6135981609375001 0.3874007313953488 0.6063797359375 0.38456271976744183 0.595967134375 0.4136063209302326 0.581919740625 0.4109429988372093 0.56588500625 0.40965459069767446 0.5372190015625 0.3959007011627907 0.5498044656250001 0.38141197325581394 0.5458916687500001 0.3629557406976744 0.5532975687499999 0.34536735 0.56396185625 0.3348021906976744 0.570087709375 0.3335730093023256 0.5782424265625 0.32199211279069767 0.576602853125
4 0.3689129627906977 0.5296790453125 0.37889975116279073 0.5324335234375 0.3941603197674418 0.52984598125 0.3998457395348837 0.516513009375 0.40472823953488374 0.5180448921874999 0.4082687430232558 0.5133297453125001 0.4056674953488372 0.50265004375 0.38493415348837207 0.4966625390625 0.37181969767441864 0.503846015625 0.36404699186046513 0.50530775625 0.3641727639534884 0.5111021578125 0.3689129627906977 0.5296790453125
4 0.23171901744186046 0.50946326875 0.24996106627906978 0.50371239375 0.2605644802325581 0.49427080625 0.26150239767441863 0.48475265937499995 0.2571482965116279 0.48048332499999996 0.2510963395348837 0.47872799375 0.23746076046511627 0.47927574687499996 0.22429532209302327 0.495581746875 0.2256949511627907 0.5045475859375 0.23171901744186046 0.50946326875
4 0.1707183593023256 0.49553727031249994 0.18096291162790698 0.492614034375 0.18245512441860465 0.48478783437499995 0.17712271511627908 0.46567585468750006 0.16530111046511628 0.45614546406249995 0.16504804418604652 0.4638313046875 0.14998749418604654 0.46185884687499995 0.149800488372093 0.4606564125 0.14894256976744186 0.48649728281250004 0.1707183593023256 0.49553727031249994
3 0.33755425813953494 0.4944727953125 0.3331736802325581 0.48824097968749997 0.3257926639534884 0.4871716984375 0.3224038767441861 0.49714867500000004 0.33350725813953486 0.49982809375 0.33755425813953494 0.4944727953125
4 0.30008968139534886 0.3911823578125 0.3038031174418605 0.39709512343750003 0.31156231744186047 0.40228081875 0.3265648593023256 0.4034003484375 0.3349151965116279 0.395061703125 0.3336542790697674 0.3889210328125 0.3288599069767442 0.38874540625 0.322492838372093 0.377630728125 0.31137235348837206 0.373830240625 0.3029408674418605 0.3771268125 0.29718877209302325 0.37788889375 0.29665372093023257 0.388780559375 0.30008968139534886 0.3911823578125
3 0.4207520546511628 0.472249759375 0.42003529883720936 0.46482240468749997 0.4087460581395349 0.45746780937500003 0.40185177906976743 0.457607165625 0.3996153779069767 0.47328547656250003 0.40859486279069773 0.4741435796875 0.4207520546511628 0.472249759375
2 0.29897170697674424 0.3941831703125 0.29445055581395346 0.3958743546875 0.29509054069767443 0.398685425 0.3015297837209302 0.409937390625 0.307533588372093 0.41421976718750003 0.30932303255813953 0.4084978296875 0.29897170697674424 0.3941831703125
4 0.3642675244186046 0.30324845625 0.3753593127906977 0.29815914062500004 0.38429170930232553 0.28552741406250004 0.38846538488372095 0.287477884375 0.38940577093023254 0.2817815515625 0.3850656732558139 0.275194965625 0.3864665279069768 0.2655577953125 0.3734391662790698 0.26602694374999997 0.36832813023255817 0.2711535671875 0.36832813023255817 0.26601047499999997 0.36547640930232556 0.2661481421875 0.36426851976744185 0.2756105734375 0.35500783023255816 0.29308873125 0.3546642372093023 0.29921720937499996 0.3642675244186046 0.30324845625
4 0.3829671337209303 0.26196211875 0.38779493604651166 0.2528369515625 0.39554144883720926 0.246012153125 0.38511666860465116 0.23742022812500002 0.37148346627906975 0.2407518953125 0.38157413023255815 0.22898226249999998 0.37014871860465115 0.2296143625 0.3617091569767442 0.242942165625 0.35414995 0.24449769062499999 0.35421938372093026 0.253118403125 0.362894738372093 0.26436273125 0.3829671337209303 0.26196211875
4 0.24812777558139534 0.256546665625 0.25338917558139534 0.255548778125 0.2527399139534884 0.24663253125 0.2488084593023256 0.2354764953125 0.23005620348837208 0.21925921874999998 0.22683973953488373 0.22433261093749998 0.22653206744186047 0.224122884375 0.22451008255813956 0.234828625 0.22780399651162792 0.24855150781250002 0.23604611860465116 0.25823796875 0.24812777558139534 0.256546665625
4 0.3068302430232558 0.1285981 0.3214542476744186 0.1304400015625 0.3287672639534884 0.11962860625 0.3321486488372093 0.119384940625 0.33962172209302327 0.110035659375 0.3306092406976744 0.10697175625 0.3160889906976744 0.10949944062500001 0.3193776 0.10553380937500001 0.31249636511627904 0.10205977656250001 0.30617496860465115 0.1067776734375 0.29909470813953487 0.1065181515625 0.29571997674418604 0.111723296875 0.2997620813953488 0.1211080890625 0.3068302430232558 0.1285981
4 0.316296488372093 0.070576921875 0.3308292023255814 0.075799678125 0.3442184209302326 0.0703999546875 0.33932280930232556 0.060727704687499995 0.3335363069767442 0.05196530781249999 0.32391861395348837 0.042979328125 0.3124366604651163 0.039648275 0.30686336627906974 0.0484672703125 0.30956897093023256 0.061332596875 0.316296488372093 0.070576921875
3 0.2791899313953488 0.155564409375 0.28060367906976746 0.17038013125 0.28673794651162793 0.16594110625 0.283640676744186 0.153822515625 0.2791899313953488 0.155564409375
2 0.4127372174418604 0.250568678125 0.4053167662790698 0.250075346875 0.4055545255813953 0.25324769375 0.4055688058139535 0.2538590890625 0.4027129244186047 0.27174567031249997 0.407534073255814 0.27235080625 0.4107276104651163 0.2682343734375 0.4127372174418604 0.250568678125
2 0.46111148837209304 0.32887340468750004 0.45714132674418606 0.319696409375 0.45099911976744184 0.321316221875 0.4511405476744186 0.3285884234375 0.45764606046511624 0.33791162343750003 0.4647726290697674 0.33671854375 0.46111148837209304 0.32887340468750004
2 0.47186007441860467 0.28396288125 0.4662802255813953 0.28194328281250003 0.4610815918604651 0.28988240468750004 0.46197021395348836 0.29632487812499997 0.47235994302325585 0.2933581765625 0.47186007441860467 0.28396288125
2 0.4762336593023256 0.310947709375 0.4822104290697674 0.31132458125 0.48698806860465116 0.29995418125 0.4778443058139535 0.29901406875 0.4697536941860465 0.2997699796875 0.4697536941860465 0.3057417 0.4778633372093023 0.3056706296875 0.4762336593023256 0.310947709375
2 0.49191629883720933 0.31930340468749996 0.49507066395348837 0.31163907343749997 0.4925481290697674 0.3078803359375 0.48377360813953485 0.3083350671875 0.4761304093023256 0.3163026640625 0.4784850848837209 0.3198907265625 0.49191629883720933 0.31930340468749996
2 0.5033365430232558 0.286809284375 0.5031261093023256 0.280672328125 0.4968424360465116 0.28221861875 0.49633137558139534 0.30109908124999996 0.5025981093023256 0.30092639062500004 0.5063668860465116 0.29038725625 0.5033365430232558 0.286809284375
2 0.47483663604651166 0.49145323281250003 0.4720851918604651 0.4868907078125 0.4625632 0.48927071718750004 0.46520686860465116 0.49480963750000007 0.4694789174418605 0.504921234375 0.4737489744186047 0.50405976875 0.47483663604651166 0.49145323281250003
2 0.5304713406976744 0.4551231484375 0.5308042581395349 0.44827720937500004 0.5185250860465116 0.4441157390625 0.5162098604651163 0.44751625625 0.5177241872093024 0.4568069890625 0.5304713406976744 0.4551231484375
4 0.5413993046511628 0.618888696875 0.5480892755813954 0.61317686875 0.5469216802325582 0.599893690625 0.5434365895348837 0.581914840625 0.539727126744186 0.5828729515625 0.533836315116279 0.57835775 0.5330622127906977 0.5748899609375 0.5224486139534884 0.5680165953125 0.5132492174418605 0.577144184375 0.5215859558139535 0.6072781171875 0.5413993046511628 0.618888696875
2 0.555319888372093 0.5284752515625 0.5630656453488372 0.5245712 0.5620157430232557 0.5205956578125 0.5577913976744187 0.5188414046875 0.5542998139534884 0.5210095984375 0.5520434802325581 0.5160891421875 0.5479496662790698 0.519575484375 0.5454784965116279 0.5262598406250001 0.5477796395348837 0.531553621875 0.5520434081395349 0.5325713078125001 0.555319888372093 0.5284752515625
7 0.6199404651162791 0.544544784375 0.6234616558139534 0.5455812265625 0.6252339523255813 0.541279634375 0.628485726744186 0.54780801875 0.6369166767441861 0.5385922859375001 0.6341825744186047 0.53061583125 0.6235425895348837 0.5322558625 0.6116866186046511 0.5347753125 0.6162115290697674 0.540465821875 0.6217054186046511 0.5386954375 0.6199404651162791 0.544544784375
2 0.6453175453488371 0.6382776578125 0.6495660337209302 0.63272745625 0.6443953627906978 0.6246784984375 0.6411998197674418 0.6271201984375 0.6392699558139535 0.6343802140625 0.6365444325581395 0.6407515625 0.6408769081395349 0.6421664078125 0.6453175453488371 0.6382776578125
2 0.5558811046511628 0.5568365671875 0.5520481174418604 0.5587994109375 0.5509737441860465 0.5730584546874999 0.5550294906976744 0.5730584546874999 0.5570277593023256 0.5672149453124999 0.5558811046511628 0.5568365671875
2 0.7073548860465116 0.42813820781249995 0.7066605639534883 0.42108057656250003 0.6939296174418604 0.41751379999999993 0.6929188093023255 0.42035859374999995 0.6927198965116279 0.42839054687499994 0.6985221069767442 0.432164890625 0.7017016534883721 0.4310816296875 0.7073548860465116 0.42813820781249995
2 0.48242929651162786 0.189161909375 0.4698208186046512 0.193883315625 0.4699442906976744 0.20032785625 0.47968767209302327 0.2097093375 0.4849476244186047 0.208464671875 0.48242929651162786 0.189161909375
3 0.5281930290697675 0.2344488953125 0.5284939220930233 0.22887753281249998 0.5241380860465117 0.22416534062500001 0.5172481895348837 0.22572465625000002 0.5161307081395349 0.23080982187500002 0.5182334302325581 0.23644498593750002 0.5281930290697675 0.2344488953125
2 0.5505197104651163 0.232200865625 0.5450469 0.2222837046875 0.5413869058139534 0.22688633125000002 0.535083326744186 0.23104428437500002 0.5361597290697675 0.24406252187500002 0.5453339941860466 0.2396852015625 0.5505197104651163 0.232200865625
2 0.4903955941860465 0.14559710625 0.4934342662790698 0.14862637812499999 0.4963754162790698 0.14037883906249998 0.4972509406976744 0.1347576359375 0.5074406534883721 0.135742453125 0.49795893372093025 0.1269880375 0.4999724593023256 0.1250885671875 0.4968200139534884 0.12040169062499999 0.4939674488372093 0.1218855375 0.4798612046511628 0.1218695125 0.4793015651162791 0.1258364359375 0.49011490348837206 0.1349875609375 0.4903955941860465 0.14559710625
4 0.5562996906976744 0.0476446109375 0.5652120081395349 0.0350375453125 0.5652312162790697 0.0244270640625 0.5588959406976745 0.02458465 0.5480405930232558 0.025088673437499997 0.5376592279069767 0.0302365640625 0.5348599767441861 0.0426955125 0.5376753930232558 0.051650176562500004 0.5562996906976744 0.0476446109375
2 0.6690905372093023 0.24365992187500002 0.66060305 0.2257355453125 0.6460316465116279 0.2271745375 0.646046903488372 0.22758208125 0.6411224360465115 0.23929966875000003 0.6445094523255814 0.24608084375 0.6628540511627907 0.248071553125 0.6690905372093023 0.24365992187500002
2 0.6473800325581396 0.32480932500000004 0.6481265697674419 0.3168727390625 0.6454075558139535 0.31653068125 0.6418922604651163 0.324292925 0.6414943104651163 0.3272666921875 0.6444540976744185 0.3291567015625 0.6473800325581396 0.32480932500000004
2 0.5990796930232558 0.4751090875 0.6001097011627907 0.47145572812500003 0.5930106965116279 0.4696463421875 0.5894766476744187 0.46688470937500004 0.5885743488372093 0.47109029218750004 0.5879085337209302 0.47515533750000005 0.5845235790697674 0.47839688281250003 0.5885808790697674 0.48036864531249995 0.5990796930232558 0.4751090875
2 0.6710976581395349 0.47399911250000004 0.6728242081395349 0.46783469687499996 0.6698037441860465 0.46262959375 0.6656066290697674 0.461457575 0.665012273255814 0.46509510781249996 0.6674391127906978 0.469461275 0.6686637860465116 0.474666175 0.6710976581395349 0.47399911250000004