4 0.6465319593023255 0.7645627453125 0.6630543430232557 0.75169418125 0.6673108360465116 0.739758984375 0.6609256906976744 0.732030575 0.6402519593023256 0.7407984796875 0.6287782220930233 0.7607497484375 0.6343700348837209 0.7720748265624999 0.6418731023255814 0.7688580515625 0.650298253488372 0.773336690625 0.6516670825581394 0.770814575 0.6597696523255814 0.7693084812500001 0.6593630813953488 0.765197334375 0.6465319593023255 0.7645627453125
4 0.7669681709302325 0.6791913562499999 0.7683145534883721 0.68313381875 0.769514976744186 0.7008561515625 0.7711796860465115 0.7002307453125 0.7802191023255814 0.6926607234375 0.7898225325581396 0.6764209546875 0.7877597837209303 0.6555860375 0.7830383313953488 0.6532728453125001 0.7727379372093023 0.6629427984375 0.7669681709302325 0.6791913562499999
4 0.7389585279069767 0.641490128125 0.7307652127906976 0.639041934375 0.728496473255814 0.6439311390625 0.7304162058139534 0.649459490625 0.7223216244186047 0.6577349515625001 0.7230126011627908 0.6754016703125 0.7247605337209302 0.6800254125 0.7317587523255814 0.693806615625 0.736334896511628 0.691511296875 0.7342441837209303 0.6870568296874999 0.7376064558139535 0.6850944984375 0.7385526441860465 0.67787604375 0.743466065116279 0.6722540046875001 0.7445184825581395 0.6556006765625 0.7389585279069767 0.641490128125
4 0.7037166406976745 0.6205934421875 0.7089953662790697 0.62729485625 0.7095956604651162 0.6306094609375 0.7127736604651164 0.63118014375 0.714085046511628 0.6348750437499999 0.7171539476744185 0.6332459734375 0.7336167 0.6360813984375 0.7376107697674419 0.6359948078125 0.7412858999999999 0.6243652375 0.7348576244186047 0.614711225 0.7137824151162792 0.6079395578125 0.7037166406976745 0.6205934421875
4 0.7190538302325582 0.5765698968749999 0.7168439000000001 0.57921188125 0.7226248604651162 0.584126134375 0.7158191209302325 0.5874016828124999 0.7158302755813954 0.5957760375000001 0.7165648755813954 0.6078955765625 0.7323778441860466 0.6147144640625 0.7411317151162791 0.6164677421875 0.7427110093023255 0.607833846875 0.7402018337209302 0.594197409375 0.7305878790697674 0.585288840625 0.7288155976744186 0.580565371875 0.7249456744186046 0.5827787609375 0.7190538302325582 0.5765698968749999
4 0.6203125709302325 0.5905459 0.6176188302325581 0.5967767796875 0.6184015244186047 0.601862690625 0.6143272837209303 0.6158944765625 0.620611396511628 0.6223373890625 0.625024776744186 0.6123832765625 0.6239056465116279 0.631931071875 0.6276070197674418 0.6330967109375 0.6414443639534884 0.604810421875 0.631187388372093 0.5827778890624999 0.6197617441860465 0.5795892609375 0.6170877569767442 0.5844256624999999 0.6203125709302325 0.5905459
4 0.5698400546511628 0.5627476984374999 0.5796633534883722 0.56070791875 0.5864094930232558 0.5623212109375 0.5956282313953488 0.5563476203125 0.5893330127906977 0.5447770937499999 0.5673036511627907 0.5311390828125 0.5551180523255814 0.5404207125 0.5560187244186047 0.549140096875 0.5638505709302326 0.5549768375 0.5698400546511628 0.5627476984374999
4 0.5907638313953488 0.43523363593750003 0.5744219279069768 0.43855346562499997 0.5740144534883721 0.45030365312500004 0.5863888430232558 0.45520292968750004 0.5914963244186047 0.4583780359375 0.6002278860465116 0.456816090625 0.6032124779069767 0.46002562812500003 0.6073036999999999 0.45566026875 0.6149753976744186 0.44804612656250004 0.6143986523255813 0.44037981875 0.6124887267441861 0.44037981875 0.6019997081395349 0.43223012031249997 0.5916219441860465 0.43321096875 0.5907638313953488 0.43523363593750003
4 0.49199148837209306 0.337206121875 0.489661823255814 0.3507551625 0.4922231709302326 0.36335781875 0.4996984860465116 0.3692702625 0.5062100453488372 0.378388128125 0.5120037023255815 0.3772664109375 0.5160762058139535 0.365556821875 0.5153806709302325 0.3434544515625 0.5067870941860465 0.3282373453125 0.49714959069767445 0.3301428515625 0.49199148837209306 0.337206121875
4 0.7053494662790698 0.32899295 0.699232323255814 0.32761837968749996 0.695607734883721 0.31611473437500004 0.6915090372093023 0.3170404484375 0.688040088372093 0.33135158124999997 0.6889661930232559 0.33218407499999997 0.6819644313953489 0.3469355140625 0.687401576744186 0.3560962875 0.6757531139534885 0.3618024 0.6768251837209303 0.36426170468749997 0.6869179430232558 0.36421444375 0.6941950883720931 0.3575075515625 0.7044165104651162 0.34973342500000004 0.7072386139534883 0.340939790625 0.7085484279069767 0.3346945328125 0.7053494662790698 0.32899295
4 0.7300396093023256 0.3647918984375 0.7397896069767442 0.373405378125 0.7215758395348837 0.36792327343750003 0.7162328697674419 0.3721042359375 0.7178729930232558 0.39067177656249996 0.7233095430232558 0.3902217234375 0.7270427406976744 0.39572088125 0.7424062802325581 0.3965333109375 0.7534435476744186 0.3885655828125 0.7543298453488372 0.3807734734375 0.7455716895348837 0.374998775 0.7447772558139534 0.368897040625 0.734190976744186 0.362126025 0.7300396093023256 0.3647918984375
4 0.7413321093023256 0.4373548078125 0.7361351465116279 0.4464646890625 0.7410393058139535 0.45603901562500004 0.7557898337209302 0.46074649218749997 0.7664903337209302 0.45580156875 0.7742297604651163 0.445701015625 0.7793559011627907 0.43855965937499997 0.7770459 0.42978394375000006 0.7636497465116279 0.425764709375 0.7472646779069767 0.42858662656249996 0.7413321093023256 0.4373548078125
4 0.7303257779069767 0.496578959375 0.7255769058139535 0.4842103671875 0.7209493406976745 0.48227818593749994 0.7138120534883722 0.48914741875 0.7073486360465117 0.5089748125 0.7155317523255814 0.53511865625 0.7240230639534885 0.535881196875 0.7255655069767443 0.526277996875 0.7348760895348837 0.5235992 0.734857126744186 0.49805454375 0.7280018604651163 0.5094056078125 0.7303257779069767 0.496578959375
4 0.5273175674418604 0.6107268625 0.5485806511627906 0.6401651078125 0.5436063325581395 0.64280140625 0.5514681686046512 0.6483487234374999 0.5549696546511628 0.652779403125 0.5607713534883721 0.6524971749999999 0.5645285488372093 0.6403481765625 0.5592184383720931 0.6166774328125 0.5425379593023256 0.6088505421875 0.5386327186046511 0.6160930687499999 0.5297900093023256 0.6069771234375 0.5273175674418604 0.6107268625
4 0.404860138372093 0.13460004375 0.39677663372093025 0.1492443140625 0.39922962093023256 0.1558984359375 0.4107592813953488 0.1586086890625 0.4206058418604651 0.15602860000000002 0.42562678372093027 0.14249192500000002 0.4261799453488372 0.134476546875 0.42836697093023257 0.12944330312500002 0.42268777441860467 0.12022531249999999 0.4140703348837209 0.1225680484375 0.404860138372093 0.13460004375
2 0.8507792441860466 0.6435815171875 0.8574922988372093 0.648791 0.858743088372093 0.641370728125 0.8652008290697675 0.64152300625 0.8649979872093023 0.629583790625 0.8555773744186047 0.625198384375 0.8500506174418605 0.6330601109375 0.8507792441860466 0.6435815171875
2 0.7160332534883721 0.7425736890625 0.7164104918604651 0.7554065765625 0.7206964872093023 0.758778278125 0.7265250255813953 0.7583516593749999 0.7274609406976744 0.75102331875 0.7330559034883721 0.748875234375 0.7306214127906977 0.7450037421875 0.729460923255814 0.73989355 0.7221293593023256 0.73688465625 0.7160332534883721 0.7425736890625
2 0.7167464360465116 0.870451171875 0.7183452848837208 0.8643942921875001 0.7183743953488372 0.857302340625 0.7123189139534883 0.8513349734375 0.7031214127906976 0.860738603125 0.7068604023255814 0.873372584375 0.7167464360465116 0.870451171875
2 0.5525699523255814 0.8501132640625 0.5548151709302326 0.8562277515625001 0.5626811 0.8568189875 0.5668076546511628 0.8525897875 0.5670805953488371 0.8514689593749999 0.5672778895348838 0.8434951640625 0.5597823674418605 0.8400421343750001 0.556843 0.842312996875 0.5525699523255814 0.8501132640625
2 0.423919911627907 0.8709796953125 0.41810304069767446 0.8703525703125001 0.4141273523255814 0.879096028125 0.42042871279069766 0.89041983125 0.42848953255813954 0.8833630156250001 0.423919911627907 0.8709796953125
2 0.3852121604651163 0.83060735625 0.37818116046511624 0.824413771875 0.3754131988372093 0.8321756421875 0.3761867941860465 0.8432035750000001 0.3813613046511628 0.8426907078125 0.3852121604651163 0.83060735625
2 0.41154273837209304 0.606403975 0.4169809581395349 0.593224040625 0.41379328720930236 0.5910186093750001 0.40587120813953487 0.5933669453125 0.40423828488372093 0.5971437749999999 0.40813730232558143 0.6068339234375 0.41154273837209304 0.606403975
2 0.3549742802325581 0.6688669484374999 0.3505172465116279 0.6835479375 0.36473730581395347 0.68925496875 0.3652701441860465 0.6729206015625 0.3549742802325581 0.6688669484374999
2 0.43228517674418604 0.4121877171875 0.4406851279069768 0.42282400468750003 0.44649100232558137 0.423072471875 0.4449492441860465 0.4082042546875 0.43228517674418604 0.4121877171875
2 0.43511998604651164 0.36634871874999997 0.4316974127906977 0.37935204375 0.44484951627906977 0.381488165625 0.444418526744186 0.363595009375 0.43511998604651164 0.36634871874999997
2 0.3304581965116279 0.3597374640625 0.3196041534883721 0.35540406562500004 0.31301260232558137 0.3585542796875 0.31702057674418604 0.37738057812500003 0.32961721627906976 0.3709826578125 0.3304581965116279 0.3597374640625
2 0.28410990930232555 0.340468921875 0.2749370244186046 0.3350949796875 0.2678122313953488 0.34126364374999996 0.27796211162790696 0.3531723234375 0.2827553220930233 0.3513117046875 0.28410990930232555 0.340468921875
2 0.5758414720930233 0.29874588750000003 0.5714579906976744 0.30896011093750003 0.5710346790697675 0.31584207656249996 0.5741373069767441 0.317623521875 0.5787034476744186 0.31720563749999997 0.5846488174418605 0.31956965 0.5881631837209302 0.31351524375 0.5813058058139535 0.3113291109375 0.5802269244186047 0.30185918749999996 0.5758414720930233 0.29874588750000003
2 0.6002464941860466 0.24425340625 0.5970651104651163 0.250291128125 0.5934898813953489 0.24603928593750002 0.5906467372093023 0.247923521875 0.5952383197674418 0.25253276874999997 0.5900765093023256 0.2588112453125 0.5989197720930233 0.264476271875 0.5996275406976743 0.264006134375 0.6011925151162791 0.25728495156250003 0.6064825453488372 0.2594896109375 0.6082713000000001 0.2564308890625 0.6020428674418604 0.253120878125 0.6060620499999999 0.24881474531249997 0.6002464941860466 0.24425340625
2 0.680273365116279 0.116338575 0.6851084313953488 0.11108579999999998 0.6851084313953488 0.10440336875 0.679502708139535 0.10179051875 0.6711993209302325 0.113829409375 0.676191723255814 0.119290715625 0.680273365116279 0.116338575
2 0.6003089279069768 0.1138425703125 0.5894316837209302 0.1068183296875 0.5843103372093024 0.11401775 0.5914438162790697 0.11972841406250001 0.5987485674418604 0.1216124171875 0.6003089279069768 0.1138425703125
2 0.44518327906976746 0.16297856875 0.4496072360465116 0.1736505703125 0.45126025930232555 0.1702210890625 0.4587601302325581 0.1702172109375 0.45976292790697676 0.1641177328125 0.4549441174418605 0.1620024265625 0.4530283965116279 0.15771031093750001 0.44518327906976746 0.16297856875
2 0.43855967674418606 0.4981025828125 0.4404697174418605 0.491245509375 0.43849848255813956 0.483780571875 0.4340264453488372 0.48338142968750003 0.4317903511627907 0.49596803125 0.43441178372093026 0.49910175 0.43855967674418606 0.4981025828125
2 0.3844661627906977 0.47493156093750005 0.38157077093023256 0.4707076578125 0.3755715720930233 0.477019221875 0.3765654197674419 0.483326921875 0.37984951279069773 0.48235607187499996 0.3844661627906977 0.47493156093750005
2 0.27842701046511625 0.7058210046875 0.28282607441860463 0.708152465625 0.28292235813953487 0.7086302671875 0.28523892790697675 0.7027608062499999 0.28766220813953486 0.704398128125 0.28831318488372093 0.693980528125 0.2832247988372093 0.689465309375 0.27794565 0.6964450609374999 0.27842701046511625 0.7058210046875
2 0.3341344686046511 0.71636428125 0.33029101627906976 0.719210390625 0.33047600930232557 0.72188876875 0.34004215348837213 0.7241501890625 0.33939752790697675 0.7194945046875 0.33718837325581397 0.7188405046875 0.3379494767441861 0.7150586328124999 0.3355437593023256 0.713591334375 0.3341344686046511 0.71636428125
7 0.5118332837209303 0.782043875 0.5203160674418604 0.7741660234375 0.5190278697674419 0.76602175 0.5066844197674418 0.7631639359375 0.502132815116279 0.7718403796875 0.5065460709302325 0.78342805625 0.5118332837209303 0.782043875
6 0.6038439325581395 0.6366477890625 0.599595938372093 0.6249525953124999 0.591557161627907 0.6283506203125 0.5751113360465117 0.6547957015625 0.5831498790697675 0.660943915625 0.6038439325581395 0.6366477890625
2 0.5679369802325581 0.761483228125 0.563199884883721 0.75904550625 0.5593544034883721 0.7628080796875001 0.5615046534883721 0.7688282531249999 0.568376884883721 0.7700571078125 0.5679369802325581 0.761483228125
4 0.6742242872093024 0.35282681562499996 0.6712985360465116 0.3383759515625 0.6677362023255814 0.335104275 0.6623579209302325 0.3375231890625 0.6662327197674419 0.359041534375 0.6717835988372093 0.35761860156249997 0.6742242872093024 0.35282681562499996