4 0.3511598069767442 0.22666967031250002 0.3672596825581395 0.216327075 0.36332148255813956 0.20598317656249998 0.35783004302325583 0.2056091296875 0.34743922441860464 0.19569506875 0.3273089011627907 0.203365265625 0.32780896976744184 0.20943350781249997 0.3342351034883721 0.21665955625 0.3325972 0.22439477968750002 0.3401765918604651 0.22225246250000003 0.3511598069767442 0.22666967031250002
4 0.21706783604651161 0.3821025734375 0.2355859069767442 0.3720604609375 0.2389383476744186 0.364329075 0.24540786395348835 0.35481087499999997 0.23933339069767443 0.34254835781250004 0.22116598720930233 0.344969909375 0.21254602558139535 0.35948658125 0.21341066046511625 0.3652642390625 0.2090041511627907 0.3736632921875 0.21706783604651161 0.3821025734375
4 0.24027568488372095 0.397299065625 0.24847666744186045 0.37977999375 0.24698837441860463 0.36029204843749996 0.24091572906976744 0.3628303765625 0.22300465930232558 0.3810429046875 0.2230201465116279 0.38538221875 0.21852316860465115 0.39497902812499996 0.22416423372093022 0.399101078125 0.24027568488372095 0.397299065625
4 0.21632762558139534 0.5288800421875 0.22304621395348836 0.5336869546874999 0.24017327325581395 0.5268544796875 0.2472741441860465 0.509220534375 0.24299847093023258 0.48934705312500004 0.2356126965116279 0.48716055156250004 0.2307712093023256 0.4907889234375 0.22325770813953488 0.491142759375 0.2149698476744186 0.5101353171875 0.21632762558139534 0.5288800421875
4 0.20143005 0.6123583125 0.2108101023255814 0.606948428125 0.20879075 0.5919283734375 0.19311427790697674 0.5783540359375 0.17624985465116277 0.5782185984375 0.17104274186046511 0.5879637578125 0.18089211395348836 0.6119616390625 0.20143005 0.6123583125
4 0.2685425430232558 0.6228071890625 0.27814109534883724 0.6275506359375 0.28217441279069766 0.6205245374999999 0.2814866906976744 0.6112026015625001 0.285672023255814 0.6015719953125 0.2849342802325582 0.5846861546875 0.2799269581395349 0.570224940625 0.2747501453488372 0.568062125 0.2721702523255814 0.5806774406249999 0.261568838372093 0.5862975687499999 0.25938042906976744 0.6011052953125 0.2685425430232558 0.6228071890625
4 0.3830506709302326 0.6148792828125 0.3966198872093023 0.611822396875 0.3908476162790697 0.5774649046875 0.39145721511627907 0.57309416875 0.3804833790697675 0.5568938203125 0.3735131046511628 0.5582558734374999 0.3705428337209302 0.56961201875 0.36627859186046513 0.57944945625 0.37328397558139537 0.60724395 0.3830506709302326 0.6148792828125
4 0.37021334418604646 0.6666473421875 0.3830192488372093 0.6652496765625 0.3944584930232558 0.6533047421875 0.39764625348837207 0.6309028624999999 0.39503807906976746 0.621655325 0.387171811627907 0.6233973984375 0.3780419697674418 0.629936040625 0.37248885581395347 0.6321971328125 0.3660175593023256 0.6561048609375 0.37021334418604646 0.6666473421875
4 0.3053704941860465 0.7803095609375 0.3055811534883721 0.7766631890625 0.31105611279069767 0.7766631890625 0.3175021895348837 0.7718568968749999 0.3197895965116279 0.7659117156249999 0.32530756860465115 0.7477621609375 0.3193722523255814 0.7436947265625 0.3018048930232558 0.748777325 0.29155087441860467 0.7623348812499999 0.29201846162790696 0.7756564046875 0.2950521872093023 0.7866045578125 0.3053704941860465 0.7803095609375
4 0.4051626558139535 0.9526699781250001 0.41549008372093027 0.9438926578125001 0.4173844348837209 0.9274424031249999 0.4105897906976744 0.90618925625 0.40214385581395345 0.9060275687500001 0.39655579186046513 0.919414309375 0.3955743325581395 0.9276848281250001 0.39728664069767444 0.9436846062500001 0.4051626558139535 0.9526699781250001
4 0.4856844790697674 0.966931615625 0.4905716906976744 0.9762720421875001 0.49868015116279074 0.9732575593749999 0.5106412209302326 0.9729201890624999 0.5196454046511627 0.9711034062499999 0.5158777372093023 0.9566049671875 0.49619653255813956 0.9499586125 0.48829877674418604 0.9547086015625 0.48463531627906975 0.9545675843750001 0.48144101511627907 0.9667621687500001 0.4856844790697674 0.966931615625
2 0.4040556720930233 0.22841531406249999 0.408536961627907 0.226855946875 0.41173920581395346 0.20938035156249998 0.4066139465116279 0.20851997187500002 0.3998897895348837 0.21909639374999998 0.39873782674418606 0.22985638281249998 0.4040556720930233 0.22841531406249999
2 0.37483782325581394 0.24631539062500002 0.3737786511627907 0.24202364687500003 0.3801647569767442 0.23508504375 0.37610289999999996 0.23152250625 0.37056083720930233 0.23655743281250002 0.36447293372093026 0.23648911875 0.3630523662790698 0.2380152671875 0.3657531337209302 0.2466147734375 0.37483782325581394 0.24631539062500002
2 0.47925183023255813 0.32236386875 0.47215344069767445 0.31808828125 0.46886399767441855 0.3141349625 0.4648458197674419 0.31525784687499997 0.464880811627907 0.31558143437499997 0.46300011627906973 0.322701509375 0.46397765697674415 0.328328053125 0.47825053488372093 0.3286759203125 0.47925183023255813 0.32236386875
2 0.4070274918604651 0.4114507734375 0.39931025930232555 0.4099064265625 0.3936771104651163 0.4106489546875 0.3933161162790698 0.41629077187499997 0.3995239023255814 0.42065799375 0.4018375302325582 0.4245785953125 0.40631071511627903 0.42314484375 0.4070274918604651 0.4114507734375
2 0.5058207534883721 0.3754475828125 0.5079515581395349 0.3796883578125 0.5142866790697674 0.3732642 0.5123928488372093 0.362132284375 0.5047556825581395 0.3635988984375 0.5040018209302326 0.3695328578125 0.49715747325581394 0.3760826859375 0.4995238360465116 0.3815530453125 0.5058207534883721 0.3754475828125
2 0.5199435476744186 0.399558359375 0.5204025220930233 0.389525253125 0.5255933058139535 0.38748200625 0.5265801174418605 0.3792441296875 0.5185142465116279 0.38131644374999996 0.5135584709302325 0.3798309921875 0.5105127813953488 0.3844760453125 0.5151598162790698 0.39686453906249997 0.5199435476744186 0.399558359375
2 0.46490617906976744 0.516362415625 0.46053472325581396 0.5068480234375 0.45236753604651164 0.5134297531249999 0.44614549418604654 0.5191130734375 0.447256611627907 0.523172865625 0.4543590825581395 0.5253389171875 0.4565108302325581 0.5242646015625 0.4625924581395349 0.5266503984375001 0.46490617906976744 0.516362415625
2 0.5175782372093023 0.6070996140625 0.5198051581395349 0.5994532953125 0.5068693395348837 0.5915591859375 0.5043810953488372 0.5948438015625 0.5052659720930233 0.607141971875 0.508773561627907 0.6060531765625 0.5102304127906977 0.6032395390625 0.5175782372093023 0.6070996140625
2 0.5493687860465116 0.5151495046875 0.5468884406976744 0.5096166828124999 0.5425889465116279 0.509937465625 0.5368333104651163 0.5199255703125 0.5409780790697675 0.52512769375 0.5472563744186046 0.52224339375 0.5493687860465116 0.5151495046875
2 0.6213820313953489 0.5441231421875 0.6158855697674419 0.5323456984375 0.612636673255814 0.53391101875 0.6106049337209302 0.537123234375 0.6112456453488372 0.5523245140624999 0.6189193697674419 0.5523650265625 0.6213820313953489 0.5441231421875
2 0.6516861104651163 0.5685815125 0.646774323255814 0.5692660453125 0.6409335453488372 0.5612820859375 0.6379212813953489 0.5641276859375 0.6391880034883721 0.5759844796875 0.6400656674418604 0.5821784515624999 0.6564042941860465 0.5764301703125 0.6516861104651163 0.5685815125
2 0.5976345918604651 0.4377896984375 0.602551626744186 0.4456995375 0.6048699767441861 0.4388427359375 0.5961360395348838 0.42316950468750003 0.5933454546511627 0.425780303125 0.5906864697674419 0.431730328125 0.5859113337209303 0.4337708171875 0.5918642093023255 0.44087900312499995 0.5976345918604651 0.4377896984375
7 0.5749471034883721 0.379726553125 0.5779415790697675 0.388644359375 0.5765291511627907 0.3982047046875 0.5826244627906977 0.39799531875 0.5810497418604651 0.381804171875 0.5857539674418605 0.389557125 0.5867874430232558 0.38352742968750003 0.5822782034883721 0.3745470109375 0.5863366988372093 0.3728045015625 0.5847813313953488 0.3504976734375 0.5811713848837209 0.3521115703125 0.5793673709302326 0.36212705624999997 0.5720499313953489 0.360690684375 0.5689059081395349 0.36237315312499996 0.5749471034883721 0.379726553125
2 0.6026903476744186 0.39830859375 0.6054846023255814 0.391344215625 0.6045105825581395 0.386878971875 0.6070099267441861 0.3707371875 0.6002209988372094 0.36188024375 0.5987769627906976 0.36534697031249996 0.5991176093023255 0.3777839265625 0.5969163860465115 0.37921224375 0.6000087965116279 0.3901065828125 0.6026903476744186 0.39830859375
7 0.5485151860465116 0.3134136515625 0.5370358639534883 0.305219009375 0.5347226244186046 0.3084097796875 0.5348459244186047 0.323589384375 0.5390986744186047 0.329087484375 0.5443104244186047 0.3188405796875 0.5485151860465116 0.3134136515625
7 0.6892658244186046 0.36427712031250004 0.6873597395348837 0.350558565625 0.6914967465116278 0.3528161609375 0.6921751139534883 0.34257878124999996 0.6939554069767442 0.3315346375 0.6909253104651163 0.33263305781249997 0.683649034883721 0.3442022046875 0.6822403104651164 0.35952086250000004 0.685794038372093 0.3665829421875 0.6892658244186046 0.36427712031250004
2 0.643454334883721 0.35217810156249996 0.6475834779069767 0.3464290109375 0.6541266523255813 0.34754555468750004 0.6579877034883721 0.3438638015625 0.6543354709302326 0.33673875 0.6478478302325581 0.3328827828125 0.6457842430232559 0.3356435921875 0.6454379825581396 0.34061625625 0.6396066360465116 0.348863125 0.643454334883721 0.35217810156249996
2 0.5952380395348837 0.3026249015625 0.5918471069767443 0.3049136359375 0.5961417209302325 0.31649589843750003 0.6037462511627907 0.3171441171875 0.6026168313953489 0.308176928125 0.5952380395348837 0.3026249015625
2 0.7485024569767442 0.4194453578125 0.7464886872093024 0.411402 0.7345646697674418 0.40879903593750005 0.7316165593023256 0.417434040625 0.7410613627906977 0.42163614687499995 0.7485024569767442 0.4194453578125
2 0.6436511279069768 0.4350597234375 0.6400923023255813 0.427320946875 0.648715376744186 0.41948122187500003 0.6462431476744186 0.41392331093749996 0.6379212813953489 0.41828856718749996 0.6311866976744186 0.4199732015625 0.6352221476744186 0.43178266875000004 0.6380144244186047 0.4395456203125 0.6436511279069768 0.4350597234375
2 0.5522830476744186 0.28936513750000004 0.546586626744186 0.285572134375 0.5447897918604652 0.27964084218749996 0.5390303720930233 0.2809400828125 0.5396765593023256 0.2888828125 0.5390423744186046 0.2973940453125 0.5466023220930233 0.29751794062500003 0.5522830476744186 0.28936513750000004
2 0.549032734883721 0.2513691796875 0.5461475209302326 0.2524714875 0.5438840755813953 0.260023321875 0.5452833011627907 0.2654742953125 0.5541896825581395 0.257327459375 0.549032734883721 0.2513691796875
2 0.6067389779069767 0.15118080625000002 0.6115220011627907 0.1531984625 0.6133054151162791 0.149321840625 0.6100639162790699 0.143323628125 0.6088050697674419 0.133575425 0.6032354802325581 0.137688884375 0.6020238232558139 0.1512692390625 0.6067389779069767 0.15118080625000002
2 0.5884932709302326 0.218504503125 0.5913419279069767 0.2222141546875 0.5951024162790698 0.22655708125000001 0.5976214686046512 0.2222164421875 0.5941615476744186 0.214406225 0.5941175139534883 0.20732731875 0.5896938732558139 0.2066474203125 0.5897868802325582 0.20702162500000001 0.587440191860465 0.21023688906250002 0.5793736930232558 0.2124373578125 0.5793292011627907 0.22033050625 0.5884932709302326 0.218504503125
2 0.6731376511627907 0.41309288281249995 0.6792533790697675 0.41345093281249995 0.6792533790697675 0.40626880625000006 0.6765037186046511 0.40055812656249995 0.6686195860465116 0.40145975 0.6686195860465116 0.40619750468750004 0.6692322220930232 0.40927498125 0.6731376511627907 0.41309288281249995
2 0.5734573767441861 0.528014984375 0.580749665116279 0.51880116875 0.5731902906976744 0.5140430031250001 0.5711490604651163 0.5088205765625 0.5686290837209302 0.51395700625 0.5675722813953489 0.5192309609375 0.5651500034883721 0.5228470078125 0.5716151093023256 0.525121059375 0.5734573767441861 0.528014984375