4 0.35803501279069766 0.16607579687500001 0.3707834593023256 0.187132365625 0.37975359767441863 0.1921374109375 0.3827830139534884 0.204420921875 0.3896365674418605 0.2082152078125 0.389934238372093 0.1929027921875 0.3994744476744186 0.18470424218749998 0.4029294569767442 0.192132446875 0.4147113546511628 0.1854698328125 0.40747553255813956 0.16668985625 0.39161270348837207 0.1315226609375 0.37797591395348834 0.1010289453125 0.36636960348837205 0.10005552031250001 0.35021640697674417 0.09592607187499999 0.34055387093023254 0.10566409843749999 0.3395513023255814 0.121362075 0.34803697906976744 0.1435437421875 0.35803501279069766 0.16607579687500001
4 0.34442733953488375 0.2531645828125 0.3307538046511628 0.2666490390625 0.32872056279069767 0.289501221875 0.33403124651162786 0.302701996875 0.34944727093023253 0.3046736375 0.3536570930232558 0.271365571875 0.35870938604651165 0.2681193515625 0.35648721744186046 0.26133368125 0.34442733953488375 0.2531645828125
4 0.29961179767441865 0.279338225 0.2818171244186047 0.285403009375 0.27970587790697676 0.30665651718750003 0.28294685930232555 0.32105194375 0.2871599418604651 0.3242109 0.2943584476744186 0.3167995625 0.3030547906976744 0.29969164843749996 0.29961179767441865 0.279338225
4 0.3335730093023256 0.4217575734375 0.3348021906976744 0.429912290625 0.34536735 0.43603814375 0.3629557406976744 0.44670243125000003 0.38141197325581394 0.45410833124999994 0.3959007011627907 0.450195534375 0.40965459069767446 0.46278099843750004 0.4109429988372093 0.43411499375 0.4136063209302326 0.41808025937500004 0.38456271976744183 0.40403286562499996 0.3874007313953488 0.3936202640625 0.35967802674418603 0.38640183906250003 0.348706311627907 0.3908670765625 0.3453274860465116 0.37863573906250003 0.33487445813953487 0.3766070359375 0.33720072906976745 0.395277984375 0.333056426744186 0.40968425 0.3236096558139535 0.4101002328125 0.32199211279069767 0.423397146875 0.3335730093023256 0.4217575734375
4 0.3641727639534884 0.4888978421875 0.36404699186046513 0.49469224375 0.37181969767441864 0.49615398437499997 0.38493415348837207 0.5033374609375 0.4056674953488372 0.49734995625 0.4082687430232558 0.48667025468749997 0.40472823953488374 0.48195510781250006 0.3998457395348837 0.483486990625 0.3941603197674418 0.47015401875 0.37889975116279073 0.4675664765625 0.3689129627906977 0.47032095468749996 0.3641727639534884 0.4888978421875
4 0.2256949511627907 0.49545241406249996 0.22429532209302327 0.504418253125 0.23746076046511627 0.520724253125 0.2510963395348837 0.52127200625 0.2571482965116279 0.519516675 0.26150239767441863 0.515247340625 0.2605644802325581 0.5057291937499999 0.24996106627906978 0.49628760625 0.23171901744186046 0.49053673125 0.2256949511627907 0.49545241406249996
4 0.14894256976744186 0.5135027171875 0.149800488372093 0.5393435875 0.14998749418604654 0.538141153125 0.16504804418604652 0.5361686953125 0.16530111046511628 0.5438545359375 0.17712271511627908 0.5343241453124999 0.18245512441860465 0.515212165625 0.18096291162790698 0.5073859656249999 0.1707183593023256 0.5044627296875 0.14894256976744186 0.5135027171875
3 0.33350725813953486 0.5001719062500001 0.3224038767441861 0.502851325 0.3257926639534884 0.5128283015624999 0.3331736802325581 0.5117590203125 0.33755425813953494 0.5055272046875 0.33350725813953486 0.5001719062500001
4 0.29665372093023257 0.611219440625 0.29718877209302325 0.62211110625 0.3029408674418605 0.6228731875 0.31137235348837206 0.626169759375 0.322492838372093 0.622369271875 0.3288599069767442 0.61125459375 0.3336542790697674 0.6110789671875 0.3349151965116279 0.604938296875 0.3265648593023256 0.5965996515625 0.31156231744186047 0.59771918125 0.3038031174418605 0.6029048765625 0.30008968139534886 0.6088176421875 0.29665372093023257 0.611219440625
3 0.40859486279069773 0.5258564203125 0.3996153779069767 0.5267145234374999 0.40185177906976743 0.542392834375 0.4087460581395349 0.542532190625 0.42003529883720936 0.5351775953125 0.4207520546511628 0.527750240625 0.40859486279069773 0.5258564203125
2 0.30932303255813953 0.5915021703125001 0.307533588372093 0.5857802328124999 0.3015297837209302 0.590062609375 0.29509054069767443 0.601314575 0.29445055581395346 0.6041256453125 0.29897170697674424 0.6058168296875001 0.30932303255813953 0.5915021703125001
4 0.3546642372093023 0.700782790625 0.35500783023255816 0.70691126875 0.36426851976744185 0.7243894265625 0.36547640930232556 0.7338518578125 0.36832813023255817 0.7339895249999999 0.36832813023255817 0.7288464328125001 0.3734391662790698 0.73397305625 0.3864665279069768 0.7344422046875 0.3850656732558139 0.724805034375 0.38940577093023254 0.7182184484375 0.38846538488372095 0.712522115625 0.38429170930232553 0.7144725859375 0.3753593127906977 0.7018408593750001 0.3642675244186046 0.69675154375 0.3546642372093023 0.700782790625
4 0.362894738372093 0.73563726875 0.35421938372093026 0.746881596875 0.35414995 0.755502309375 0.3617091569767442 0.7570578343750001 0.37014871860465115 0.7703856375 0.38157413023255815 0.7710177375 0.37148346627906975 0.7592481046875 0.38511666860465116 0.762579771875 0.39554144883720926 0.753987846875 0.38779493604651166 0.7471630484375 0.3829671337209303 0.73803788125 0.362894738372093 0.73563726875
4 0.23604611860465116 0.7417620312500001 0.22780399651162792 0.7514484921875 0.22451008255813956 0.765171375 0.22653206744186047 0.775877115625 0.22683973953488373 0.7756673890625 0.23005620348837208 0.78074078125 0.2488084593023256 0.7645235046875001 0.2527399139534884 0.7533674687499999 0.25338917558139534 0.744451221875 0.24812777558139534 0.743453334375 0.23604611860465116 0.7417620312500001
4 0.2997620813953488 0.8788919109375 0.29571997674418604 0.888276703125 0.29909470813953487 0.8934818484375 0.30617496860465115 0.8932223265625 0.31249636511627904 0.8979402234375 0.3193776 0.894466190625 0.3160889906976744 0.890500559375 0.3306092406976744 0.8930282437500001 0.33962172209302327 0.889964340625 0.3321486488372093 0.8806150593750001 0.3287672639534884 0.88037139375 0.3214542476744186 0.8695599984375001 0.3068302430232558 0.8714019000000001 0.2997620813953488 0.8788919109375
4 0.30956897093023256 0.938667403125 0.30686336627906974 0.9515327296875 0.3124366604651163 0.960351725 0.32391861395348837 0.9570206718750001 0.3335363069767442 0.9480346921875 0.33932280930232556 0.9392722953125 0.3442184209302326 0.9296000453125 0.3308292023255814 0.924200321875 0.316296488372093 0.929423078125 0.30956897093023256 0.938667403125
3 0.283640676744186 0.846177484375 0.28673794651162793 0.83405889375 0.28060367906976746 0.82961986875 0.2791899313953488 0.844435590625 0.283640676744186 0.846177484375
2 0.4107276104651163 0.7317656265625 0.407534073255814 0.72764919375 0.4027129244186047 0.7282543296874999 0.4055688058139535 0.7461409109375 0.4055545255813953 0.74675230625 0.4053167662790698 0.749924653125 0.4127372174418604 0.7494313218750001 0.4107276104651163 0.7317656265625
2 0.4647726290697674 0.66328145625 0.45764606046511624 0.6620883765625 0.4511405476744186 0.6714115765625001 0.45099911976744184 0.678683778125 0.45714132674418606 0.680303590625 0.46111148837209304 0.6711265953125001 0.4647726290697674 0.66328145625
2 0.47235994302325585 0.7066418234375 0.46197021395348836 0.703675121875 0.4610815918604651 0.7101175953125 0.4662802255813953 0.7180567171875001 0.47186007441860467 0.71603711875 0.47235994302325585 0.7066418234375
2 0.4778633372093023 0.6943293703125 0.4697536941860465 0.6942583 0.4697536941860465 0.7002300203125 0.4778443058139535 0.70098593125 0.48698806860465116 0.7000458187499999 0.4822104290697674 0.68867541875 0.4762336593023256 0.6890522906250001 0.4778633372093023 0.6943293703125
2 0.4784850848837209 0.6801092734374999 0.4761304093023256 0.6836973359375 0.48377360813953485 0.6916649328125 0.4925481290697674 0.6921196640625 0.49507066395348837 0.6883609265625 0.49191629883720933 0.6806965953125 0.4784850848837209 0.6801092734374999
2 0.5063668860465116 0.7096127437499999 0.5025981093023256 0.699073609375 0.49633137558139534 0.6989009187499999 0.4968424360465116 0.71778138125 0.5031261093023256 0.719327671875 0.5033365430232558 0.7131907156249999 0.5063668860465116 0.7096127437499999
2 0.4737489744186047 0.49594023125 0.4694789174418605 0.49507876562500003 0.46520686860465116 0.5051903624999999 0.4625632 0.5107292828125 0.4720851918604651 0.5131092921875 0.47483663604651166 0.5085467671874999 0.4737489744186047 0.49594023125
2 0.5177241872093024 0.5431930109375 0.5162098604651163 0.55248374375 0.5185250860465116 0.5558842609375 0.5308042581395349 0.551722790625 0.5304713406976744 0.5448768515625 0.5177241872093024 0.5431930109375
4 0.5215859558139535 0.3927218828125 0.5132492174418605 0.422855815625 0.5224486139534884 0.4319834046875 0.5330622127906977 0.4251100390625 0.533836315116279 0.42164225 0.539727126744186 0.41712704843750004 0.5434365895348837 0.418085159375 0.5469216802325582 0.400106309375 0.5480892755813954 0.38682313125 0.5413993046511628 0.381111303125 0.5215859558139535 0.3927218828125
2 0.5520434081395349 0.4674286921875 0.5477796395348837 0.468446378125 0.5454784965116279 0.47374015937499997 0.5479496662790698 0.48042451562500005 0.5520434802325581 0.4839108578125 0.5542998139534884 0.4789904015625 0.5577913976744187 0.48115859531250005 0.5620157430232557 0.4794043421875 0.5630656453488372 0.4754288 0.555319888372093 0.47152474843750003 0.5520434081395349 0.4674286921875
7 0.6217054186046511 0.46130456249999996 0.6162115290697674 0.459534178125 0.6116866186046511 0.4652246875 0.6235425895348837 0.4677441375 0.6341825744186047 0.46938416875 0.6369166767441861 0.4614077140625 0.628485726744186 0.45219198125000004 0.6252339523255813 0.45872036562499996 0.6234616558139534 0.4544187734375 0.6199404651162791 0.45545521562499997 0.6217054186046511 0.46130456249999996
2 0.6408769081395349 0.3578335921875 0.6365444325581395 0.3592484375 0.6392699558139535 0.3656197859375 0.6411998197674418 0.3728798015625 0.6443953627906978 0.3753215015625 0.6495660337209302 0.36727254375 0.6453175453488371 0.3617223421875 0.6408769081395349 0.3578335921875
2 0.5570277593023256 0.4327850546875 0.5550294906976744 0.4269415453125 0.5509737441860465 0.4269415453125 0.5520481174418604 0.44120058906250004 0.5558811046511628 0.4431634328125 0.5570277593023256 0.4327850546875
2 0.7017016534883721 0.5689183703125 0.6985221069767442 0.567835109375 0.6927198965116279 0.571609453125 0.6929188093023255 0.57964140625 0.6939296174418604 0.5824862000000001 0.7066605639534883 0.5789194234374999 0.7073548860465116 0.5718617921875 0.7017016534883721 0.5689183703125
2 0.4849476244186047 0.7915353281249999 0.47968767209302327 0.7902906625 0.4699442906976744 0.79967214375 0.4698208186046512 0.806116684375 0.48242929651162786 0.810838090625 0.4849476244186047 0.7915353281249999
3 0.5182334302325581 0.7635550140625 0.5161307081395349 0.769190178125 0.5172481895348837 0.7742753437500001 0.5241380860465117 0.775834659375 0.5284939220930233 0.7711224671875 0.5281930290697675 0.7655511046875 0.5182334302325581 0.7635550140625
2 0.5453339941860466 0.7603147984375 0.5361597290697675 0.755937478125 0.535083326744186 0.768955715625 0.5413869058139534 0.77311366875 0.5450469 0.7777162953125 0.5505197104651163 0.7677991343749999 0.5453339941860466 0.7603147984375
2 0.49011490348837206 0.8650124390625 0.4793015651162791 0.8741635640625001 0.4798612046511628 0.8781304875 0.4939674488372093 0.8781144624999999 0.4968200139534884 0.8795983093749999 0.4999724593023256 0.8749114328125 0.49795893372093025 0.8730119625 0.5074406534883721 0.864257546875 0.4972509406976744 0.8652423640625001 0.4963754162790698 0.8596211609375001 0.4934342662790698 0.8513736218749999 0.4903955941860465 0.85440289375 0.49011490348837206 0.8650124390625
4 0.5376753930232558 0.9483498234375001 0.5348599767441861 0.9573044875000001 0.5376592279069767 0.9697634359375 0.5480405930232558 0.9749113265625 0.5588959406976745 0.9754153499999999 0.5652312162790697 0.9755729359374999 0.5652120081395349 0.9649624546875 0.5562996906976744 0.9523553890625 0.5376753930232558 0.9483498234375001
2 0.6628540511627907 0.7519284468749999 0.6445094523255814 0.75391915625 0.6411224360465115 0.76070033125 0.646046903488372 0.77241791875 0.6460316465116279 0.7728254625 0.66060305 0.7742644546874999 0.6690905372093023 0.756340078125 0.6628540511627907 0.7519284468749999
2 0.6444540976744185 0.6708432984375 0.6414943104651163 0.6727333078125 0.6418922604651163 0.6757070749999999 0.6454075558139535 0.68346931875 0.6481265697674419 0.6831272609375 0.6473800325581396 0.675190675 0.6444540976744185 0.6708432984375
2 0.5885808790697674 0.5196313546875 0.5845235790697674 0.5216031171875 0.5879085337209302 0.5248446625 0.5885743488372093 0.5289097078125 0.5894766476744187 0.533115290625 0.5930106965116279 0.5303536578125 0.6001097011627907 0.528544271875 0.5990796930232558 0.5248909125 0.5885808790697674 0.5196313546875
2 0.6686637860465116 0.5253338249999999 0.6674391127906978 0.530538725 0.665012273255814 0.5349048921875 0.6656066290697674 0.5385424249999999 0.6698037441860465 0.53737040625 0.6728242081395349 0.532165303125 0.6710976581395349 0.5260008875 0.6686637860465116 0.5253338249999999