4 0.6598234081395349 0.22225246250000003 0.6674028 0.22439477968750002 0.665764896511628 0.21665955625 0.6721910302325582 0.20943350781249997 0.6726910988372093 0.203365265625 0.6525607755813954 0.19569506875 0.6421699569767442 0.2056091296875 0.6366785174418605 0.20598317656249998 0.6327403174418604 0.216327075 0.6488401930232558 0.22666967031250002 0.6598234081395349 0.22225246250000003
4 0.7909958488372093 0.3736632921875 0.7865893395348836 0.3652642390625 0.7874539744186047 0.35948658125 0.7788340127906976 0.344969909375 0.7606666093023255 0.34254835781250004 0.7545921360465117 0.35481087499999997 0.7610616523255814 0.364329075 0.7644140930232558 0.3720604609375 0.7829321639534883 0.3821025734375 0.7909958488372093 0.3736632921875
4 0.7758357662790697 0.399101078125 0.7814768313953488 0.39497902812499996 0.7769798534883721 0.38538221875 0.7769953406976744 0.3810429046875 0.7590842709302325 0.3628303765625 0.7530116255813953 0.36029204843749996 0.7515233325581395 0.37977999375 0.7597243151162791 0.397299065625 0.7758357662790697 0.399101078125
4 0.7850301523255815 0.5101353171875 0.7767422918604652 0.491142759375 0.7692287906976744 0.4907889234375 0.764387303488372 0.48716055156250004 0.7570015290697674 0.48934705312500004 0.7527258558139536 0.509220534375 0.7598267267441859 0.5268544796875 0.7769537860465117 0.5336869546874999 0.7836723744186047 0.5288800421875 0.7850301523255815 0.5101353171875
4 0.8191078860465116 0.6119616390625 0.8289572581395348 0.5879637578125 0.8237501453488372 0.5782185984375 0.8068857220930233 0.5783540359375 0.7912092500000001 0.5919283734375 0.7891898976744186 0.606948428125 0.7985699500000001 0.6123583125 0.8191078860465116 0.6119616390625
4 0.7406195709302326 0.6011052953125 0.738431161627907 0.5862975687499999 0.7278297476744185 0.5806774406249999 0.7252498546511628 0.568062125 0.7200730418604652 0.570224940625 0.7150657197674418 0.5846861546875 0.714327976744186 0.6015719953125 0.7185133093023255 0.6112026015625001 0.7178255872093023 0.6205245374999999 0.7218589046511629 0.6275506359375 0.7314574569767441 0.6228071890625 0.7406195709302326 0.6011052953125
4 0.6267160244186046 0.60724395 0.6337214081395348 0.57944945625 0.6294571662790698 0.56961201875 0.6264868953488372 0.5582558734374999 0.6195166209302326 0.5568938203125 0.6085427848837209 0.57309416875 0.6091523837209302 0.5774649046875 0.6033801127906976 0.611822396875 0.6169493290697674 0.6148792828125 0.6267160244186046 0.60724395
4 0.6339824406976745 0.6561048609375 0.6275111441860465 0.6321971328125 0.6219580302325581 0.629936040625 0.6128281883720931 0.6233973984375 0.6049619209302325 0.621655325 0.6023537465116279 0.6309028624999999 0.6055415069767442 0.6533047421875 0.6169807511627906 0.6652496765625 0.6297866558139535 0.6666473421875 0.6339824406976745 0.6561048609375
4 0.7049478127906977 0.7866045578125 0.707981538372093 0.7756564046875 0.7084491255813954 0.7623348812499999 0.6981951069767443 0.748777325 0.6806277476744187 0.7436947265625 0.6746924313953488 0.7477621609375 0.6802104034883721 0.7659117156249999 0.6824978104651163 0.7718568968749999 0.6889438872093023 0.7766631890625 0.6944188465116279 0.7766631890625 0.6946295058139536 0.7803095609375 0.7049478127906977 0.7866045578125
4 0.6027133593023256 0.9436846062500001 0.6044256674418604 0.9276848281250001 0.6034442081395349 0.919414309375 0.5978561441860465 0.9060275687500001 0.5894102093023256 0.90618925625 0.5826155651162791 0.9274424031249999 0.5845099162790698 0.9438926578125001 0.5948373441860465 0.9526699781250001 0.6027133593023256 0.9436846062500001
4 0.518558984883721 0.9667621687500001 0.5153646837209303 0.9545675843750001 0.511701223255814 0.9547086015625 0.5038034674418604 0.9499586125 0.4841222627906977 0.9566049671875 0.48035459534883723 0.9711034062499999 0.48935877906976744 0.9729201890624999 0.5013198488372093 0.9732575593749999 0.5094283093023255 0.9762720421875001 0.5143155209302326 0.966931615625 0.518558984883721 0.9667621687500001
2 0.601262173255814 0.22985638281249998 0.6001102104651163 0.21909639374999998 0.593386053488372 0.20851997187500002 0.5882607941860465 0.20938035156249998 0.591463038372093 0.226855946875 0.5959443279069767 0.22841531406249999 0.601262173255814 0.22985638281249998
2 0.6342468662790698 0.2466147734375 0.6369476337209302 0.2380152671875 0.6355270662790697 0.23648911875 0.6294391627906977 0.23655743281250002 0.6238971 0.23152250625 0.6198352430232559 0.23508504375 0.6262213488372093 0.24202364687500003 0.625162176744186 0.24631539062500002 0.6342468662790698 0.2466147734375
2 0.5217494651162791 0.3286759203125 0.5360223430232558 0.328328053125 0.5369998837209302 0.322701509375 0.535119188372093 0.31558143437499997 0.5351541802325581 0.31525784687499997 0.5311360023255814 0.3141349625 0.5278465593023256 0.31808828125 0.5207481697674419 0.32236386875 0.5217494651162791 0.3286759203125
2 0.593689284883721 0.42314484375 0.5981624697674418 0.4245785953125 0.6004760976744186 0.42065799375 0.6066838837209303 0.41629077187499997 0.6063228895348837 0.4106489546875 0.6006897406976743 0.4099064265625 0.592972508139535 0.4114507734375 0.593689284883721 0.42314484375
2 0.5004761639534884 0.3815530453125 0.5028425267441861 0.3760826859375 0.4959981790697674 0.3695328578125 0.4952443174418605 0.3635988984375 0.4876071511627907 0.362132284375 0.48571332093023256 0.3732642 0.4920484418604651 0.3796883578125 0.49417924651162787 0.3754475828125 0.5004761639534884 0.3815530453125
2 0.48484018372093024 0.39686453906249997 0.48948721860465116 0.3844760453125 0.48644152906976745 0.3798309921875 0.4814857534883721 0.38131644374999996 0.47341988255813955 0.3792441296875 0.47440669418604653 0.38748200625 0.4795974779069767 0.389525253125 0.48005645232558136 0.399558359375 0.48484018372093024 0.39686453906249997
2 0.5374075418604651 0.5266503984375001 0.5434891697674419 0.5242646015625 0.5456409174418605 0.5253389171875 0.552743388372093 0.523172865625 0.5538545058139535 0.5191130734375 0.5476324639534883 0.5134297531249999 0.539465276744186 0.5068480234375 0.5350938209302325 0.516362415625 0.5374075418604651 0.5266503984375001
2 0.4897695872093023 0.6032395390625 0.49122643837209307 0.6060531765625 0.4947340279069768 0.607141971875 0.4956189046511628 0.5948438015625 0.4931306604651163 0.5915591859375 0.48019484186046507 0.5994532953125 0.4824217627906977 0.6070996140625 0.4897695872093023 0.6032395390625
2 0.4527436255813953 0.52224339375 0.45902192093023253 0.52512769375 0.4631666895348837 0.5199255703125 0.45741105348837213 0.509937465625 0.4531115593023256 0.5096166828124999 0.4506312139534884 0.5151495046875 0.4527436255813953 0.52224339375
2 0.3810806302325581 0.5523650265625 0.3887543546511628 0.5523245140624999 0.3893950662790697 0.537123234375 0.387363326744186 0.53391101875 0.38411443023255815 0.5323456984375 0.37861796860465113 0.5441231421875 0.3810806302325581 0.5523650265625
2 0.3435957058139535 0.5764301703125 0.3599343325581395 0.5821784515624999 0.36081199651162793 0.5759844796875 0.3620787186046512 0.5641276859375 0.35906645465116277 0.5612820859375 0.3532256767441861 0.5692660453125 0.3483138895348837 0.5685815125 0.3435957058139535 0.5764301703125
2 0.4081357906976744 0.44087900312499995 0.41408866627906976 0.4337708171875 0.4093135302325581 0.431730328125 0.4066545453488372 0.425780303125 0.4038639604651163 0.42316950468750003 0.395130023255814 0.4388427359375 0.397448373255814 0.4456995375 0.40236540813953486 0.4377896984375 0.4081357906976744 0.44087900312499995
7 0.43109409186046516 0.36237315312499996 0.4279500686046512 0.360690684375 0.42063262906976745 0.36212705624999997 0.41882861511627906 0.3521115703125 0.4152186686046512 0.3504976734375 0.41366330116279065 0.3728045015625 0.4177217965116279 0.3745470109375 0.4132125569767442 0.38352742968750003 0.4142460325581396 0.389557125 0.41895025813953485 0.381804171875 0.41737553720930237 0.39799531875 0.4234708488372093 0.3982047046875 0.42205842093023255 0.388644359375 0.4250528965116279 0.379726553125 0.43109409186046516 0.36237315312499996
2 0.3999912034883721 0.3901065828125 0.40308361395348835 0.37921224375 0.4008823906976744 0.3777839265625 0.4012230372093023 0.36534697031249996 0.3997790011627907 0.36188024375 0.392990073255814 0.3707371875 0.3954894174418605 0.386878971875 0.39451539767441857 0.391344215625 0.3973096523255814 0.39830859375 0.3999912034883721 0.3901065828125
7 0.45568957558139533 0.3188405796875 0.46090132558139535 0.329087484375 0.4651540755813954 0.323589384375 0.46527737558139537 0.3084097796875 0.46296413604651165 0.305219009375 0.4514848139534884 0.3134136515625 0.45568957558139533 0.3188405796875
7 0.314205961627907 0.3665829421875 0.3177596895348837 0.35952086250000004 0.3163509651162791 0.3442022046875 0.3090746895348837 0.33263305781249997 0.3060445930232558 0.3315346375 0.30782488604651165 0.34257878124999996 0.3085032534883721 0.3528161609375 0.3126402604651163 0.350558565625 0.3107341755813953 0.36427712031250004 0.314205961627907 0.3665829421875
2 0.36039336395348837 0.348863125 0.3545620174418605 0.34061625625 0.3542157569767442 0.3356435921875 0.35215216976744185 0.3328827828125 0.34566452906976747 0.33673875 0.34201229651162796 0.3438638015625 0.3458733476744186 0.34754555468750004 0.35241652209302327 0.3464290109375 0.3565456651162791 0.35217810156249996 0.36039336395348837 0.348863125
2 0.39738316860465117 0.308176928125 0.3962537488372093 0.3171441171875 0.40385827906976746 0.31649589843750003 0.4081528930232558 0.3049136359375 0.40476196046511626 0.3026249015625 0.39738316860465117 0.308176928125
2 0.2589386372093023 0.42163614687499995 0.26838344069767445 0.417434040625 0.26543533023255816 0.40879903593750005 0.25351131279069766 0.411402 0.25149754302325583 0.4194453578125 0.2589386372093023 0.42163614687499995
2 0.3619855755813953 0.4395456203125 0.3647778523255814 0.43178266875000004 0.3688133023255814 0.4199732015625 0.3620787186046512 0.41828856718749996 0.35375685232558135 0.41392331093749996 0.35128462325581394 0.41948122187500003 0.3599076976744186 0.427320946875 0.3563488720930233 0.4350597234375 0.3619855755813953 0.4395456203125
2 0.45339767790697677 0.29751794062500003 0.46095762558139536 0.2973940453125 0.4603234406976744 0.2888828125 0.4609696279069767 0.2809400828125 0.4552102081395349 0.27964084218749996 0.45341337325581393 0.285572134375 0.4477169523255814 0.28936513750000004 0.45339767790697677 0.29751794062500003
2 0.4458103174418605 0.257327459375 0.4547166988372093 0.2654742953125 0.45611592441860466 0.260023321875 0.45385247906976744 0.2524714875 0.45096726511627905 0.2513691796875 0.4458103174418605 0.257327459375
2 0.397976176744186 0.1512692390625 0.39676451976744187 0.137688884375 0.39119493023255814 0.133575425 0.38993608372093025 0.143323628125 0.38669458488372094 0.149321840625 0.3884779988372093 0.1531984625 0.39326102209302327 0.15118080625000002 0.397976176744186 0.1512692390625
2 0.4206707988372093 0.22033050625 0.4206263069767442 0.2124373578125 0.4125598081395349 0.21023688906250002 0.41021311976744185 0.20702162500000001 0.41030612674418604 0.2066474203125 0.4058824860465116 0.20732731875 0.4058384523255814 0.214406225 0.40237853139534885 0.2222164421875 0.40489758372093027 0.22655708125000001 0.40865807209302324 0.2222141546875 0.41150672906976743 0.218504503125 0.4206707988372093 0.22033050625
2 0.33076777790697676 0.40927498125 0.3313804139534884 0.40619750468750004 0.3313804139534884 0.40145975 0.3234962813953488 0.40055812656249995 0.32074662093023254 0.40626880625000006 0.32074662093023254 0.41345093281249995 0.3268623488372093 0.41309288281249995 0.33076777790697676 0.40927498125
2 0.4283848906976744 0.525121059375 0.4348499965116279 0.5228470078125 0.4324277186046511 0.5192309609375 0.43137091627906976 0.51395700625 0.4288509395348837 0.5088205765625 0.4268097093023256 0.5140430031250001 0.41925033488372093 0.51880116875 0.426542623255814 0.528014984375 0.4283848906976744 0.525121059375