6 0.365797841 0.371081998 0.36198290250000004 0.4009462733333333 0.34099667899999997 0.35652418133333336 0.331027582 0.36307252133333334 0.3775931955 0.4653525573333333 0.369013924 0.47422069466666666 0.40456501500000003 0.4944550186666667 0.4434349255 0.46580800866666666 0.4419687505 0.45820710666666664 0.4169243775 0.47385786133333335 0.414533931 0.454479308 0.414096364 0.4108919406666666 0.4147942685 0.37076851666666666 0.404434601 0.328506266 0.387363112 0.32569839733333333 0.38339341 0.3885872286666667 0.365797841 0.371081998
6 0.3143702135 0.36843448199999995 0.31108306900000005 0.3640829193333333 0.30710681549999996 0.3793430166666667 0.30186833949999997 0.37198175733333333 0.275539561 0.3656956546666667 0.2728119375 0.398302024 0.303472666 0.39778755666666665 0.3143702135 0.36843448199999995
6 0.435306221 0.35560555866666665 0.4202915865 0.33819329000000004 0.415422375 0.36118785000000003 0.416231606 0.38872582733333333 0.4276917685 0.390697442 0.435306221 0.35560555866666665
6 0.49248933749999996 0.336417554 0.443479136 0.32594438533333336 0.4420465965 0.34935486266666665 0.4593244625 0.356523064 0.4649519875 0.35522000933333336 0.478194016 0.361103074 0.49248933749999996 0.336417554
6 0.5882329665 0.3893301953333333 0.565870356 0.38992510466666663 0.5612781195 0.4132246693333333 0.56632763 0.42661199466666666 0.6001443675 0.400632138 0.5882329665 0.3893301953333333
6 0.4803615775 0.264647998 0.4516682495 0.2408916073333333 0.44162398999999997 0.25919876933333336 0.457394978 0.274208856 0.479072813 0.276038552 0.4803615775 0.264647998
6 0.5576008944999999 0.36287820800000004 0.5546536360000001 0.34248939533333334 0.520738933 0.3489157306666667 0.520553011 0.36636086133333334 0.549771425 0.37076469933333334 0.5576008944999999 0.36287820800000004
6 0.506272341 0.11977185333333333 0.5054375999999999 0.12847243333333333 0.512047587 0.144606634 0.5437194875 0.151413394 0.541627476 0.12739024266666665 0.506272341 0.11977185333333333
3 0.465302268 0.6452610193333334 0.446560265 0.628518668 0.428523182 0.6294022286666666 0.423979361 0.6602392753333334 0.425171966 0.67498243 0.445109463 0.6866575246666666 0.465302268 0.6452610193333334
3 0.259327369 0.65667023 0.2446892725 0.662647288 0.2441166745 0.7065082426666667 0.25458508950000003 0.7100333693333334 0.264065341 0.6753676873333333 0.259327369 0.65667023
3 0.3844058455 0.7013784273333334 0.377811128 0.69597052 0.36217393249999996 0.7043444813333334 0.363046745 0.7196293406666667 0.382286518 0.714848362 0.3844058455 0.7013784273333334
4 0.3045 0.571 0.01575 0.010666666666666666
2 0.48675 0.7466666666666667 0.02375 0.029666666666666668
2 0.481 0.8026666666666666 0.012 0.015333333333333332
2 0.44925 0.5623333333333334 0.015 0.02266666666666667
2 0.463 0.43333333333333335 0.0165 0.019333333333333334
2 0.58125 0.48033333333333333 0.0225 0.01633333333333333
2 0.491 0.569 0.0135 0.012333333333333333
2 0.33425 0.32166666666666666 0.02025 0.023666666666666666
2 0.28875 0.3506666666666667 0.01775 0.017666666666666667
2 0.46025 0.14566666666666667 0.011 0.014
2 0.43275 0.098 0.0135 0.014333333333333333
2 0.61375 0.196 0.0145 0.019
2 0.581 0.227 0.0215 0.030333333333333334
2 0.471 0.232 0.01725 0.015666666666666666
2 0.54325 0.42933333333333334 0.0115 0.018
2 0.51 0.4073333333333333 0.0135 0.015666666666666666
2 0.48225 0.466 0.0105 0.013333333333333334
2 0.53025 0.5576666666666666 0.01575 0.019
2 0.52875 0.6013333333333334 0.018 0.020666666666666667
2 0.478 0.614 0.0095 0.011333333333333334
2 0.45475 0.5996666666666667 0.01175 0.012333333333333333
2 0.56525 0.6163333333333333 0.0145 0.018
2 0.64875 0.55 0.0045 0.011
2 0.67725 0.454 0.005 0.016666666666666666
2 0.578 0.44 0.01075 0.013666666666666667
2 0.6035 0.298 0.01375 0.014333333333333333
2 0.65075 0.343 0.01175 0.01633333333333333
2 0.50575 0.36033333333333334 0.008 0.018333333333333333
2 0.5335 0.39866666666666667 0.009 0.007666666666666666
2 0.393 0.7613333333333333 0.01 0.022333333333333334
2 0.63375 0.718 0.00475 0.017333333333333333
2 0.47975 0.6833333333333333 0.00775 0.014
2 0.5395 0.528 0.00975 0.011333333333333334
2 0.56925 0.5273333333333333 0.00475 0.013666666666666667
2 0.49325 0.5366666666666666 0.00675 0.014333333333333333
2 0.618 0.46266666666666667 0.013 0.012666666666666666
2 0.48075 0.32266666666666666 0.0115 0.014
2 0.4355 0.23433333333333334 0.01325 0.012333333333333333
2 0.647 0.14266666666666666 0.00825 0.008
2 0.58875 0.16233333333333333 0.01275 0.006666666666666667
2 0.47225 0.123 0.01075 0.009333333333333334
2 0.5185 0.2843333333333333 0.01125 0.011
2 0.5815 0.33266666666666667 0.01075 0.009666666666666667
2 0.52575 0.24433333333333335 0.01175 0.012666666666666666
2 0.501 0.19533333333333333 0.0115 0.007666666666666666
2 0.5965 0.3283333333333333 0.01225 0.014