6 0.61660659 0.3885872286666667 0.612636888 0.32569839733333333 0.5955653989999999 0.328506266 0.5852057315 0.37076851666666666 0.5859036360000001 0.4108919406666666 0.585466069 0.454479308 0.5830756225 0.47385786133333335 0.5580312494999999 0.45820710666666664 0.5565650745 0.46580800866666666 0.595434985 0.4944550186666667 0.630986076 0.47422069466666666 0.6224068045 0.4653525573333333 0.668972418 0.36307252133333334 0.659003321 0.35652418133333336 0.6380170975 0.4009462733333333 0.6342021590000001 0.371081998 0.61660659 0.3885872286666667
6 0.696527334 0.39778755666666665 0.7271880625 0.398302024 0.7244604389999999 0.3656956546666667 0.6981316605 0.37198175733333333 0.6928931844999999 0.3793430166666667 0.688916931 0.3640829193333333 0.6856297865000001 0.36843448199999995 0.696527334 0.39778755666666665
6 0.5723082315 0.390697442 0.5837683939999999 0.38872582733333333 0.584577625 0.36118785000000003 0.5797084135 0.33819329000000004 0.564693779 0.35560555866666665 0.5723082315 0.390697442
6 0.521805984 0.361103074 0.5350480125 0.35522000933333336 0.5406755375 0.356523064 0.5579534035 0.34935486266666665 0.556520864 0.32594438533333336 0.5075106625 0.336417554 0.521805984 0.361103074
6 0.3998556325 0.400632138 0.43367237 0.42661199466666666 0.4387218805 0.4132246693333333 0.434129644 0.38992510466666663 0.41176703350000005 0.3893301953333333 0.3998556325 0.400632138
6 0.520927187 0.276038552 0.5426050219999999 0.274208856 0.5583760099999999 0.25919876933333336 0.5483317505 0.2408916073333333 0.5196384225 0.264647998 0.520927187 0.276038552
6 0.45022857499999996 0.37076469933333334 0.479446989 0.36636086133333334 0.47926106700000004 0.3489157306666667 0.445346364 0.34248939533333334 0.4423991055 0.36287820800000004 0.45022857499999996 0.37076469933333334
6 0.458372524 0.12739024266666665 0.4562805125 0.151413394 0.487952413 0.144606634 0.4945624 0.12847243333333333 0.49372765900000004 0.11977185333333333 0.458372524 0.12739024266666665
3 0.554890537 0.6866575246666666 0.574828034 0.67498243 0.576020639 0.6602392753333334 0.5714768179999999 0.6294022286666666 0.553439735 0.628518668 0.5346977319999999 0.6452610193333334 0.554890537 0.6866575246666666
3 0.735934659 0.6753676873333333 0.7454149105 0.7100333693333334 0.7558833254999999 0.7065082426666667 0.7553107275 0.662647288 0.740672631 0.65667023 0.735934659 0.6753676873333333
3 0.617713482 0.714848362 0.636953255 0.7196293406666667 0.6378260675 0.7043444813333334 0.622188872 0.69597052 0.6155941545 0.7013784273333334 0.617713482 0.714848362
4 0.6955 0.571 0.01575 0.010666666666666666
2 0.51325 0.7466666666666667 0.02375 0.029666666666666668
2 0.519 0.8026666666666666 0.012 0.015333333333333332
2 0.55075 0.5623333333333334 0.015 0.02266666666666667
2 0.537 0.43333333333333335 0.0165 0.019333333333333334
2 0.41875 0.48033333333333333 0.0225 0.01633333333333333
2 0.509 0.569 0.0135 0.012333333333333333
2 0.66575 0.32166666666666666 0.02025 0.023666666666666666
2 0.71125 0.3506666666666667 0.01775 0.017666666666666667
2 0.53975 0.14566666666666667 0.011 0.014
2 0.56725 0.098 0.0135 0.014333333333333333
2 0.38625 0.196 0.0145 0.019
2 0.419 0.227 0.0215 0.030333333333333334
2 0.529 0.232 0.01725 0.015666666666666666
2 0.45675 0.42933333333333334 0.0115 0.018
2 0.49 0.4073333333333333 0.0135 0.015666666666666666
2 0.51775 0.466 0.0105 0.013333333333333334
2 0.46975 0.5576666666666666 0.01575 0.019
2 0.47125 0.6013333333333334 0.018 0.020666666666666667
2 0.522 0.614 0.0095 0.011333333333333334
2 0.54525 0.5996666666666667 0.01175 0.012333333333333333
2 0.43475 0.6163333333333333 0.0145 0.018
2 0.35125 0.55 0.0045 0.011
2 0.32275 0.454 0.005 0.016666666666666666
2 0.422 0.44 0.01075 0.013666666666666667
2 0.3965 0.298 0.01375 0.014333333333333333
2 0.34925 0.343 0.01175 0.01633333333333333
2 0.49425 0.36033333333333334 0.008 0.018333333333333333
2 0.4665 0.39866666666666667 0.009 0.007666666666666666
2 0.607 0.7613333333333333 0.01 0.022333333333333334
2 0.36625 0.718 0.00475 0.017333333333333333
2 0.52025 0.6833333333333333 0.00775 0.014
2 0.4605 0.528 0.00975 0.011333333333333334
2 0.43075 0.5273333333333333 0.00475 0.013666666666666667
2 0.50675 0.5366666666666666 0.00675 0.014333333333333333
2 0.382 0.46266666666666667 0.013 0.012666666666666666
2 0.51925 0.32266666666666666 0.0115 0.014
2 0.5645 0.23433333333333334 0.01325 0.012333333333333333
2 0.353 0.14266666666666666 0.00825 0.008
2 0.41125 0.16233333333333333 0.01275 0.006666666666666667
2 0.52775 0.123 0.01075 0.009333333333333334
2 0.4815 0.2843333333333333 0.01125 0.011
2 0.4185 0.33266666666666667 0.01075 0.009666666666666667
2 0.47425 0.24433333333333335 0.01175 0.012666666666666666
2 0.499 0.19533333333333333 0.0115 0.007666666666666666
2 0.4035 0.3283333333333333 0.01225 0.014