5 0.682252119 0.8374208786666666 0.679792665 0.8165457666666667 0.6703809639999999 0.8104186446666666 0.667104303 0.8219639706666667 0.6534403715 0.8317253139999999 0.6419238875 0.8308938453333333 0.6441289450000001 0.8444133733333333 0.628474389 0.8643678926666667 0.6291922455 0.8725565066666666 0.6227122825 0.9033981966666667 0.5959211355 0.9228972520000001 0.6021645375000001 0.9394841833333333 0.607822232 0.9402342673333333 0.6065541664999999 0.9273029893333334 0.620776259 0.9146762613333334 0.631252107 0.9222872053333334 0.682252119 0.8374208786666666
3 0.7726121439999999 0.622507144 0.786127767 0.6279376153333334 0.7852846065 0.6380751786666666 0.802829979 0.6388290046666667 0.801607183 0.625431584 0.808626171 0.6117902586666667 0.7995459625 0.600062822 0.782214785 0.5959285786666667 0.761527493 0.60921792 0.7726121439999999 0.622507144
4 0.7122116079999999 0.5864692853333333 0.7075614905 0.59298099 0.7138757925 0.5985423086666667 0.7196951054999999 0.6093821266666667 0.7250619229999999 0.6056443746666667 0.732359734 0.5815488833333333 0.7347117125 0.568322386 0.7295813215 0.54911151 0.7222140505 0.5494682946666667 0.710644327 0.5688445426666666 0.7122116079999999 0.5864692853333333
4 0.6889652785 0.47533891066666667 0.7041486929999999 0.47958288666666665 0.7125647380000001 0.47095248866666667 0.7102449544999999 0.44882824266666665 0.7004055855 0.434600592 0.6800812915000001 0.43056527599999994 0.675882701 0.44110962733333337 0.6810348940000001 0.45794132466666665 0.6889652785 0.47533891066666667
4 0.62760008 0.344558264 0.6312397215 0.349215808 0.6351792255 0.3816842953333333 0.648852344 0.37915282866666666 0.652912636 0.36755231866666666 0.6553100945 0.35956862 0.6493075895 0.33812688266666663 0.637657346 0.32580534533333333 0.6317682555 0.3379177993333333 0.62760008 0.344558264
0 0.574551909 0.5639801133333334 0.584272594 0.6071718533333333 0.593722036 0.6184998606666666 0.6076023810000001 0.60838561 0.6067841595 0.5920517393333333 0.5952071785 0.567589958 0.5961211045 0.5624582093333333 0.5844128525 0.5441457433333333 0.5739980705000001 0.5444152973333333 0.574551909 0.5639801133333334
0 0.4944997035 0.5994634586666667 0.5029736235 0.6051572606666666 0.5108999905 0.5926415833333333 0.528996763 0.6115241333333333 0.557475739 0.630838168 0.562656192 0.6236360233333333 0.5479433800000001 0.5854806613333333 0.5151281065 0.5665572373333334 0.5071653125000001 0.5801923373333333 0.4944997035 0.5994634586666667
2 0.6813970184999999 0.6288514066666666 0.6919101879999999 0.6247607706666667 0.691931038 0.6172476533333333 0.696608181 0.6141646146666667 0.6909549895 0.6079846833333333 0.678976915 0.6079846833333333 0.6748305075 0.6220301473333333 0.6813970184999999 0.6288514066666666
2 0.604704783 0.654575716 0.600021882 0.648247804 0.608280734 0.6477106126666666 0.609243557 0.6303994326666666 0.5931802979999999 0.6289630853333333 0.589463122 0.6413693413333333 0.5998644849999999 0.6557787053333333 0.604704783 0.654575716
2 0.598064859 0.8339715353333332 0.6060697125000001 0.8393324553333333 0.6127494689999999 0.8304453806666667 0.607082692 0.822471094 0.6002276355 0.8205709373333334 0.5924356435 0.8283366966666668 0.598064859 0.8339715353333332
2 0.736451041 0.739746442 0.731117928 0.7332021453333334 0.7220956645 0.7407265993333334 0.7254746215 0.7550445273333333 0.7324664275 0.7533482953333334 0.736451041 0.739746442
2 0.521471092 0.8246485726666667 0.5294209755 0.8172222426666668 0.5268096925 0.8070679426666667 0.5107907415 0.8065874906666667 0.511422713 0.8190030433333333 0.516861019 0.8262077853333334 0.521471092 0.8246485726666667
2 0.40323163349999996 0.6502264413333333 0.406340792 0.6462365986666667 0.405422592 0.6367196826666667 0.40104832199999996 0.6279404033333333 0.394678231 0.6347868386666666 0.3882845685 0.6430072446666666 0.3938611535 0.6545378546666667 0.40323163349999996 0.6502264413333333
2 0.3203308865 0.71729653 0.3237959985 0.7110932226666667 0.32106910800000005 0.7013925940000001 0.309876803 0.69786785 0.3059295595 0.7064696093333334 0.309648512 0.7154850206666666 0.3203308865 0.71729653
2 0.24677875800000001 0.5297894793333333 0.23967219950000002 0.5233581506666667 0.2297047005 0.525099786 0.230647776 0.53996795 0.239522405 0.550305452 0.248639719 0.543899644 0.24677875800000001 0.5297894793333333
2 0.4495841115 0.5246512566666667 0.45182306749999995 0.5207064126666666 0.459065903 0.5165637319999999 0.45883336150000004 0.5109114393333334 0.4469069055 0.5034276506666667 0.440207019 0.5060919846666666 0.4439110375 0.5228158313333333 0.4495841115 0.5246512566666667
2 0.557412063 0.39821794 0.549138344 0.38658572733333335 0.5423113125 0.3917293026666667 0.5447957645 0.408009644 0.5563217345 0.4079376406666667 0.557412063 0.39821794
2 0.5486194385000001 0.416196822 0.5417010455 0.407523434 0.5351725679999999 0.41255068266666667 0.5368660785 0.42712369600000005 0.5482146565 0.4285738393333334 0.5486194385000001 0.416196822
2 0.5879649745000001 0.3311303226666667 0.581532154 0.32705111266666664 0.5752256015 0.3334481046666667 0.5792672649999999 0.34842596800000003 0.585433514 0.34406369333333336 0.5879649745000001 0.3311303226666667
2 0.394742759 0.303812538 0.397307282 0.28998136 0.38394561 0.28860403 0.38681010400000004 0.30721333933333334 0.394742759 0.303812538
2 0.5331785915 0.167842258 0.524495367 0.163062448 0.518492902 0.16645812066666668 0.5242672115 0.18188725733333336 0.5308949894999999 0.18388748666666668 0.5331785915 0.167842258
2 0.47364687149999996 0.19466312666666666 0.4680490765 0.18557850066666667 0.4596976265 0.19129117466666665 0.46079317350000004 0.21151904466666668 0.46788088349999996 0.20845438933333332 0.47364687149999996 0.19466312666666666
2 0.473459313 0.6996488299999999 0.4743978455 0.7126099706666668 0.476530101 0.7225014173333334 0.4896970625 0.7104542493333333 0.4903596 0.7042144893333334 0.473459313 0.6996488299999999
2 0.49025719500000003 0.8158275493333333 0.4899910965 0.813291538 0.4891683735 0.800314054 0.4720358155 0.806349994 0.47613935300000004 0.8154651933333333 0.480039004 0.8153395993333333 0.486621484 0.8191183206666667 0.49025719500000003 0.8158275493333333
2 0.57253589 0.7838112546666667 0.5734522005 0.7766121506666667 0.569546837 0.7679869546666667 0.5593673539999999 0.769478662 0.5607013574999999 0.7832903773333334 0.567860299 0.7854192893333334 0.57253589 0.7838112546666667