5 0.7211991910000001 0.5689612946666667 0.7193400034999999 0.60645561 0.757071358 0.590892614 0.7496038724999999 0.5572143233333333 0.7542302645 0.5426317173333334 0.75577223 0.5188464733333333 0.7464218775 0.497231096 0.7296937145000001 0.510258756 0.7211991910000001 0.5689612946666667
5 0.7122670325 0.7389278946666666 0.7193927194999999 0.7595525233333332 0.7093107575 0.772067062 0.7312590195 0.7867970106666666 0.7280752295 0.7628978546666667 0.735958031 0.7533203373333334 0.757578516 0.6916479866666667 0.760877178 0.6874232806666667 0.748751046 0.6766785326666667 0.7289134145 0.7192199520000001 0.7197995225 0.7147891506666667 0.7122670325 0.7389278946666666
3 0.6833293770000001 0.7977183646666667 0.668198 0.811431604 0.6820164125 0.8227862586666667 0.6922343879999999 0.836612626 0.7110723145 0.8192853086666667 0.715991567 0.7944319913333334 0.7141640149999999 0.7794362873333333 0.693867948 0.7735883493333334 0.679061964 0.773740398 0.687547975 0.791296428 0.6833293770000001 0.7977183646666667
4 0.748449673 0.7815839906666667 0.7550672115 0.7696805760000001 0.7487799884999999 0.7554813300000001 0.735034164 0.7533010626666666 0.7259346045 0.7635662646666667 0.7322057620000001 0.7808882993333334 0.748449673 0.7815839906666667
3 0.6257174575000001 0.605769246 0.6328814035 0.5916087353333334 0.6378350465 0.5805101573333333 0.626112096 0.5701560953333333 0.608904789 0.5956691353333333 0.6126619795 0.6068646213333333 0.6257174575000001 0.605769246
4 0.655207774 0.3610067786666667 0.6571612485 0.349485446 0.6501929035 0.32754739866666666 0.626518528 0.3220774146666667 0.6222269085000001 0.342670346 0.6268412595 0.354365272 0.6464609094999999 0.3608482093333334 0.655207774 0.3610067786666667
2 0.5633370335 0.9438745239999999 0.5629841219999999 0.9341489206666667 0.559964607 0.9245092466666667 0.548063885 0.92636247 0.5483188569999999 0.9380314566666667 0.552814807 0.946391534 0.5633370335 0.9438745239999999
2 0.48129114700000003 0.5951349846666667 0.478179976 0.5854737673333333 0.4684820975 0.5922280306666666 0.4684820975 0.6061948906666667 0.48168460900000004 0.6098265093333334 0.48129114700000003 0.5951349846666667
2 0.5894121755 0.4776344033333333 0.5896787245 0.5076359226666667 0.5978237719999999 0.5050138733333334 0.605387495 0.481078314 0.5894121755 0.4776344033333333
2 0.6412615815 0.5068297446666666 0.6295041785 0.5086498253333334 0.6283458940000001 0.522739802 0.638971075 0.530408584 0.6434679845 0.5253001900000001 0.6412615815 0.5068297446666666
2 0.5410422364999999 0.33185588866666665 0.5471079805000001 0.32852291866666666 0.5465752235 0.31801994533333333 0.5390071045 0.312204386 0.5279888015 0.31481553933333334 0.5299004565000001 0.3275450053333333 0.5410422364999999 0.33185588866666665
2 0.3404698135 0.10331436533333334 0.342492878 0.09243657666666667 0.333948832 0.08740678466666667 0.3260055235 0.09212755666666668 0.328701911 0.10249416933333333 0.3316779 0.106355482 0.3404698135 0.10331436533333334
2 0.403029276 0.3653558893333333 0.405752752 0.35613669533333336 0.4049915175 0.3487111546666667 0.396237608 0.35162352933333335 0.394252024 0.36275227000000004 0.4000708835 0.36770207066666666 0.403029276 0.3653558893333333
2 0.458417956 0.4472602493333333 0.45189144950000004 0.44788372933333337 0.4567642525 0.46102371799999997 0.4674626505 0.46110941666666666 0.467688451 0.44899155733333335 0.458417956 0.4472602493333333
2 0.4142407325 0.6794654093333333 0.40574029100000003 0.682460706 0.406257609 0.686597932 0.415447131 0.6865520833333333 0.4142407325 0.6794654093333333
2 0.5112137824999999 0.7425038313333333 0.49647434149999997 0.7462976333333333 0.4940820845 0.7546219373333334 0.513880775 0.7540075413333334 0.5112137824999999 0.7425038313333333
2 0.3821776595 0.791034722 0.380637838 0.786042606 0.374248557 0.7868709593333333 0.37699501249999995 0.79732569 0.382133792 0.7986986706666667 0.3821776595 0.791034722