5 0.379223741 0.08532373866666666 0.368747893 0.07771279466666667 0.317747881 0.16257912133333333 0.320207335 0.18345423333333333 0.329619036 0.1895813553333333 0.332895697 0.17803602933333332 0.3465596285 0.168274686 0.35807611250000004 0.16910615466666667 0.355871055 0.15558662666666667 0.37152561100000003 0.13563210733333333 0.3708077545 0.12744349333333335 0.3772877175 0.09660180333333333 0.4040788645 0.077102748 0.3978354625 0.060515816666666666 0.39217776800000004 0.05976573266666667 0.3934458335 0.07269701066666667 0.379223741 0.08532373866666666
3 0.217785215 0.4040714213333333 0.238472507 0.39078208000000003 0.227387856 0.377492856 0.213872233 0.37206238466666663 0.21471539350000002 0.36192482133333337 0.197170021 0.3611709953333333 0.198392817 0.374568416 0.191373829 0.38820974133333336 0.2004540375 0.399937178 0.217785215 0.4040714213333333
4 0.2777859495 0.4505317053333333 0.28935567300000004 0.4311554573333334 0.287788392 0.41353071466666663 0.2924385095 0.40701900999999996 0.2861242075 0.40145769133333337 0.2803048945 0.39061787333333337 0.274938077 0.39435562533333335 0.267640266 0.4184511166666667 0.2652882875 0.43167761400000004 0.2704186785 0.45088849 0.2777859495 0.4505317053333333
4 0.324117299 0.5588903726666666 0.318965106 0.5420586753333334 0.3110347215 0.5246610893333333 0.295851307 0.5204171133333333 0.287435262 0.5290475113333334 0.2897550455 0.5511717573333333 0.2995944145 0.565399408 0.3199187085 0.5694347240000001 0.324117299 0.5588903726666666
4 0.362342654 0.6741946546666666 0.3682317445 0.6620822006666667 0.37239992 0.655441736 0.36876027850000004 0.650784192 0.3648207745 0.6183157046666666 0.351147656 0.6208471713333333 0.34708736399999995 0.6324476813333333 0.3446899055 0.64043138 0.3506924105 0.6618731173333333 0.362342654 0.6741946546666666
0 0.41558714750000003 0.4558542566666667 0.42600192950000004 0.4555847026666667 0.425448091 0.43601988666666663 0.41572740599999997 0.39282814666666666 0.406277964 0.3815001393333334 0.39239761900000003 0.39161439000000003 0.3932158405 0.4079482606666666 0.4047928215 0.432410042 0.4038788955 0.43754179066666665 0.41558714750000003 0.4558542566666667
0 0.4848718935 0.43344276266666665 0.4928346875 0.4198076626666667 0.5055002965 0.40053654133333333 0.49702637650000003 0.3948427393333333 0.4891000095 0.4073584166666667 0.471003237 0.38847586666666667 0.44252426100000003 0.369161832 0.437343808 0.37636397666666666 0.45205662 0.4145193386666666 0.4848718935 0.43344276266666665
2 0.321023085 0.39201531666666667 0.3251694925 0.37796985266666666 0.3186029815 0.37114859333333333 0.308089812 0.3752392293333333 0.308068962 0.38275234666666663 0.303391819 0.3858353853333333 0.3090450105 0.39201531666666667 0.321023085 0.39201531666666667
2 0.410536878 0.3586306586666667 0.400135515 0.3442212946666667 0.395295217 0.345424284 0.399978118 0.35175219599999996 0.391719266 0.3522893873333333 0.390756443 0.36960056733333335 0.406819702 0.37103691466666666 0.410536878 0.3586306586666667
2 0.3997723645 0.17942906266666667 0.40756435649999995 0.17166330333333332 0.401935141 0.16602846466666668 0.39393028750000003 0.16066754466666666 0.387250531 0.16955461933333332 0.39291730799999997 0.17752890600000001 0.3997723645 0.17942906266666667
2 0.2745253785 0.24495547266666665 0.2675335725 0.24665170466666667 0.263548959 0.260253558 0.26888207199999997 0.26679785466666667 0.2779043355 0.25927340066666665 0.2745253785 0.24495547266666665
2 0.488577287 0.18099695666666665 0.483138981 0.1737922146666667 0.478528908 0.1753514273333333 0.4705790245 0.18277775733333332 0.4731903075 0.19293205733333332 0.48920925849999997 0.19341250933333334 0.488577287 0.18099695666666665
2 0.6117154315000001 0.35699275533333336 0.6061388465 0.34546214533333336 0.5967683665 0.3497735586666667 0.593659208 0.3537634013333333 0.594577408 0.3632803173333333 0.598951678 0.37205959666666666 0.605321769 0.36521316133333337 0.6117154315000001 0.35699275533333336
2 0.6940704405 0.2935303906666667 0.690351488 0.2845149793333333 0.6796691135 0.28270347 0.6762040015 0.2889067773333333 0.678930892 0.298607406 0.690123197 0.30213215 0.6940704405 0.2935303906666667
2 0.760477595 0.449694548 0.751360281 0.456100356 0.753221242 0.4702105206666667 0.7603278004999999 0.4766418493333333 0.7702952995000001 0.474900214 0.769352224 0.46003205 0.760477595 0.449694548
2 0.5597929810000001 0.49390801533333334 0.5560889625 0.4771841686666667 0.5504158885 0.4753487433333333 0.5481769325 0.4792935873333333 0.540934097 0.483436268 0.5411666385 0.48908856066666667 0.5530930945 0.49657234933333333 0.5597929810000001 0.49390801533333334
2 0.4552042355 0.591990356 0.4436782655 0.5920623593333333 0.442587937 0.60178206 0.450861656 0.6134142726666666 0.4576886875 0.6082706973333333 0.4552042355 0.591990356
2 0.4631339215 0.572876304 0.4517853435 0.5714261606666666 0.4513805615 0.5838031779999999 0.45829895449999997 0.592476566 0.464827432 0.5874493173333334 0.4631339215 0.572876304
2 0.42073273499999997 0.651574032 0.414566486 0.6559363066666667 0.41203502550000004 0.6688696773333334 0.41846784600000003 0.6729488873333334 0.42477439850000004 0.6665518953333334 0.42073273499999997 0.651574032
2 0.6160543900000001 0.71139597 0.613189896 0.6927866606666666 0.605257241 0.696187462 0.602692718 0.7100186399999999 0.6160543900000001 0.71139597
2 0.4757327885 0.8181127426666667 0.4691050105 0.8161125133333333 0.46682140850000003 0.832157742 0.475504633 0.836937552 0.48150709799999997 0.8335418793333333 0.4757327885 0.8181127426666667
2 0.5392068265000001 0.7884809553333333 0.5321191165 0.7915456106666667 0.5263531285 0.8053368733333334 0.5319509235000001 0.8144214993333333 0.5403023735000001 0.8087088253333333 0.5392068265000001 0.7884809553333333
2 0.5103029375 0.28954575066666666 0.5096404 0.2957855106666667 0.526540687 0.30035117 0.5256021545 0.2873900293333333 0.5234698990000001 0.27749858266666666 0.5103029375 0.28954575066666666
2 0.519960996 0.1846604006666667 0.513378516 0.18088167933333332 0.509742805 0.18417245066666665 0.5100089034999999 0.18670846200000002 0.5108316265 0.19968594599999998 0.5279641844999999 0.193650006 0.523860647 0.18453480666666666 0.519960996 0.1846604006666667
2 0.4392986425 0.21670962266666666 0.432139701 0.21458071066666665 0.42746411 0.21618874533333332 0.4265477995 0.22338784933333333 0.430453163 0.23201304533333333 0.440632646 0.23052133800000002 0.4392986425 0.21670962266666666