6 0.2774592345 0.28136385733333336 0.277965658 0.29792196466666665 0.2702005945 0.318526172 0.28271953250000004 0.33369776866666667 0.3029921165 0.33091032933333336 0.38246917 0.20467466733333334 0.37112083949999997 0.20567119933333333 0.35154384299999997 0.2373833373333333 0.35043109 0.216795468 0.3365804375 0.219109898 0.3244926265 0.16476580466666665 0.3055378955 0.17772760866666665 0.2927239955 0.24304593533333332 0.2882161685 0.27732519 0.28475393200000004 0.2909068946666667 0.2774592345 0.28136385733333336
6 0.2091340835 0.5092981493333333 0.214854184 0.5263565866666667 0.2308923105 0.5307749313333334 0.2488663895 0.48489373799999996 0.2466487505 0.474769172 0.2485095435 0.42502142533333337 0.2419445205 0.41438462066666665 0.238115815 0.421433166 0.21865373500000002 0.3955617126666667 0.2030752765 0.4017036486666667 0.196785335 0.425092522 0.2134695255 0.47996096600000004 0.2184723375 0.4967865573333333 0.2091340835 0.5092981493333333
6 0.2367163185 0.57460644 0.238398971 0.6015660666666667 0.24677638500000001 0.6024556826666667 0.2530156165 0.5890235633333334 0.2703046605 0.6311896853333333 0.2796867255 0.6311896853333333 0.285664628 0.6145005866666667 0.281502192 0.5358738406666667 0.2733733745 0.482406106 0.2949295535 0.5070547033333334 0.29295178 0.4965964446666667 0.274824101 0.47517011600000003 0.268701737 0.4614504606666667 0.2581705355 0.46620025133333337 0.25013802549999997 0.477444384 0.22753324749999998 0.535604866 0.2076611235 0.6099807926666666 0.2141031495 0.6169403286666667 0.22090720049999998 0.61341745 0.2367163185 0.57460644
6 0.2912282445 0.5939907 0.29398109549999996 0.6029127346666666 0.2985638735 0.6068551306666666 0.30835508149999996 0.6038788753333333 0.30960562199999997 0.5973615693333334 0.3062390025 0.599222016 0.318087521 0.557974396 0.3165590985 0.5421819466666666 0.302522517 0.5440794053333333 0.2993443255 0.5496320366666666 0.29637008 0.5463725646666667 0.2830073465 0.5404149046666666 0.28013063899999996 0.5505290693333333 0.2846474415 0.5641204626666667 0.2912282445 0.5939907
6 0.425818814 0.26642466866666664 0.4262914635 0.27297289799999996 0.430702605 0.27294023533333334 0.444759648 0.25814576266666667 0.4524812065 0.25006534199999997 0.45407968 0.24671276666666667 0.451396626 0.2434160273333333 0.4491026395 0.24175712733333335 0.429591892 0.24263132733333334 0.42029407550000003 0.24624296 0.419953394 0.24885735466666664 0.4263847005 0.2553781573333333 0.425818814 0.26642466866666664
6 0.41087228449999996 0.308670008 0.41306626999999996 0.29685885 0.4073072625 0.27796689399999996 0.40503680000000003 0.268126354 0.39776573000000004 0.25624908 0.3961816495 0.257808476 0.39739234549999997 0.2625290006666667 0.3887994285 0.26431583799999997 0.3878144845 0.26996147066666665 0.3958906365 0.29250387866666666 0.40408491199999996 0.3052496786666667 0.41087228449999996 0.308670008
6 0.553368796 0.36678683 0.5580122155 0.35677775733333333 0.5614531190000001 0.3414547393333333 0.5617005345 0.32953714933333333 0.5605240340000001 0.32925391666666665 0.555106765 0.32865100066666664 0.5485154335 0.3328596106666667 0.548186049 0.330939388 0.538755272 0.3285107586666667 0.537445919 0.33348142733333336 0.5406012235 0.35089707266666664 0.545873092 0.3656602073333333 0.549297626 0.37108654333333335 0.55369276 0.3712537326666666 0.553368796 0.36678683
2 0.4712047375 0.08663202333333334 0.4675479075 0.07858272066666667 0.45446119900000004 0.081656446 0.447533018 0.08750263066666668 0.45001884999999997 0.09588076333333334 0.4664702865 0.09245036333333333 0.4712047375 0.08663202333333334
3 0.279961205 0.13087071866666666 0.2641394045 0.13090755533333334 0.262158099 0.13956618266666668 0.262775744 0.14811872533333334 0.27351790449999996 0.15696949066666668 0.2852354265 0.14106148866666665 0.279961205 0.13087071866666666
6 0.5462903355 0.207257988 0.5511246909999999 0.20071398733333334 0.5501150850000001 0.193469168 0.5410371884999999 0.18388125866666666 0.540576858 0.17559834066666669 0.5385945925 0.17584353866666666 0.5386248365 0.18108454866666668 0.5344042105 0.18054109933333332 0.531531083 0.18366573866666666 0.5302975245 0.17944775599999999 0.527019668 0.18029020066666665 0.5208406565 0.18234364533333333 0.5215566615 0.18827339933333334 0.526060913 0.19510259133333333 0.5359317995 0.20218555800000002 0.5462903355 0.207257988
3 0.549611988 0.8648323766666667 0.5491188425 0.8676617113333334 0.5436320035 0.8587446440000001 0.5412599255 0.8676439826666666 0.5481084335 0.875772168 0.5541614055 0.8793302159999999 0.5565106925 0.886249782 0.5598565065000001 0.884778182 0.5575247249999999 0.8758221813333333 0.55850585 0.8745563906666667 0.5705903435 0.8748350926666667 0.5709974200000001 0.8720303106666667 0.5647940595000001 0.8699059813333333 0.5685195915000001 0.8674913113333333 0.572592532 0.8593746373333333 0.5710551025 0.8540976306666667 0.5649010065 0.8520313986666667 0.5548154975 0.857822078 0.55273109 0.8535914673333334 0.5446830675 0.8543007779999999 0.549611988 0.8648323766666667
2 0.475344331 0.8827302126666666 0.476643415 0.8770677473333334 0.470881712 0.8699639746666666 0.4688217215 0.8707637859999999 0.4604392275 0.8709805333333334 0.4562730555 0.8763681706666666 0.459499068 0.882299086 0.46732552099999997 0.8852523466666666 0.475344331 0.8827302126666666
2 0.4114925895 0.7356285306666667 0.4069019665 0.7305811213333333 0.402397963 0.7355745953333334 0.40085612099999995 0.743587176 0.403042776 0.7488718520000001 0.409152665 0.7455005453333333 0.4114925895 0.7356285306666667
1 0.318481863 0.5501765826666667 0.3164337815 0.55101143 0.316543168 0.5572491399999999 0.325073801 0.5598517473333333 0.3253953825 0.5487112953333334 0.332570087 0.5646191313333334 0.335662082 0.5646814373333333 0.334736319 0.5506364473333333 0.33208775100000004 0.5316006446666667 0.3239523445 0.5258695846666667 0.31733720849999997 0.5100880266666666 0.316268794 0.5166265833333333 0.3163667485 0.5225550993333333 0.311107303 0.5211983613333333 0.309716662 0.5253738726666667 0.32011600399999995 0.5292166653333333 0.32085920199999995 0.5341141146666666 0.31532902949999997 0.5376149273333333 0.318481863 0.5501765826666667
3 0.546987395 0.4614333426666667 0.549684258 0.4679321533333333 0.5386177795 0.467848022 0.5377572675 0.4719156133333333 0.5480658535 0.4742703686666667 0.5476732929999999 0.48076713866666665 0.5520444025000001 0.48712555399999996 0.558414185 0.4852967153333333 0.560800301 0.478382346 0.5665238355000001 0.48277691600000006 0.569696459 0.479058846 0.5642907265 0.4730049766666667 0.564999272 0.46436023466666665 0.5646180955 0.44648840933333334 0.5591139065 0.443233998 0.5521622780000001 0.4434465206666666 0.5489382144999999 0.4545098706666667 0.5390918885 0.450287232 0.5372648034999999 0.45289298 0.546987395 0.4614333426666667
6 0.7213653594999999 0.641078574 0.71709808 0.6403911526666667 0.716954164 0.6445190433333333 0.721982788 0.6474573453333333 0.732370181 0.6486455593333333 0.7387580985 0.6325085366666666 0.7349510825 0.6325085366666666 0.7369970495 0.6288137846666667 0.7366461355 0.6095658500000001 0.729074831 0.6131110813333333 0.7226209295 0.6098099553333333 0.7202328245 0.613354828 0.720192317 0.6321387926666666 0.714410878 0.6303135946666666 0.7213653594999999 0.641078574
2 0.551793999 0.6430972593333334 0.5506795885 0.636764376 0.5416639185000001 0.6317903293333333 0.537412129 0.635973904 0.536203926 0.6403334366666666 0.5412272935 0.6442102733333334 0.551793999 0.6430972593333334
2 0.4916214595 0.5067030093333333 0.496206846 0.5050452433333333 0.4995421995 0.49161473066666667 0.4960432475 0.4860738886666666 0.490867501 0.48603167 0.4910074275 0.49460489799999996 0.4874997335 0.49558536000000003 0.4905740415 0.498109136 0.4916214595 0.5067030093333333
0 0.4548711415 0.3970427106666667 0.4521763625 0.3931083066666667 0.443662136 0.39179730733333334 0.4410030445 0.3981105466666667 0.449331995 0.39938875799999995 0.4548711415 0.3970427106666667
0 0.433331132 0.4707166893333333 0.4396508685 0.46027678466666666 0.4373649955 0.45101600799999997 0.4309440695 0.4505148713333333 0.424573761 0.460322186 0.423364773 0.46334175600000005 0.428469402 0.4695725313333333 0.433331132 0.4707166893333333
3 0.4127814905 0.18077544133333334 0.4141389835 0.18482961799999997 0.4183002645 0.181852732 0.42336607350000005 0.184098584 0.42927909849999996 0.18024030866666665 0.4339018435 0.187684514 0.437229241 0.187684514 0.43524378999999996 0.17984466000000002 0.4366145145 0.17304352333333334 0.44314176850000003 0.17264393399999997 0.443115367 0.16792043533333334 0.4352569905 0.16792043533333334 0.4394550415 0.16367565 0.437200778 0.158183492 0.430418258 0.16653992866666667 0.42827497449999996 0.16755160866666668 0.425737307 0.157710682 0.4236029795 0.15845300733333334 0.423946214 0.16368849933333332 0.416596572 0.163932304 0.415090081 0.16754169733333332 0.42100890399999996 0.174540686 0.4127814905 0.18077544133333334
3 0.5051701264999999 0.120392132 0.5067004534999999 0.128701336 0.5240568915 0.12583881066666666 0.5213637415 0.11567194266666667 0.5315509134999999 0.12011300400000001 0.52529278 0.11239090266666667 0.5216086825 0.10552054 0.518360618 0.09542044000000001 0.5150730109999999 0.10037680399999999 0.508396278 0.105817926 0.5001224495000001 0.10620726999999999 0.5031095405 0.11147696466666668 0.510579103 0.11660895466666667 0.5051701264999999 0.120392132
3 0.5345441624999999 0.284131782 0.543716113 0.27485350866666663 0.5450609285000001 0.262726972 0.539170832 0.2516034753333333 0.5322736635 0.2576279806666667 0.5273312095 0.25131406 0.523241119 0.24698155533333332 0.5120707675 0.2543917 0.5108809385 0.26328857 0.516033109 0.2728615366666667 0.5244354625 0.282615168 0.5345441624999999 0.284131782
3 0.47097528499999997 0.2864256633333333 0.4626851575 0.291971986 0.4631699935 0.29610178466666665 0.47390530799999997 0.28886348533333334 0.48597646650000004 0.291679368 0.48390737300000003 0.3094653906666667 0.48804373149999997 0.31009782399999997 0.49109504449999997 0.2923219106666667 0.5039310545 0.28691584 0.5040673005 0.27851213199999997 0.496532034 0.27410743400000004 0.4944619105 0.26176619866666667 0.483187667 0.27296118 0.47252918 0.2760942513333333 0.469864379 0.27278731333333334 0.46162231400000003 0.2756331533333333 0.461358435 0.27809871066666664 0.4691489795 0.27912342 0.47097528499999997 0.2864256633333333
2 0.41568402099999996 0.35825474133333335 0.4143589305 0.35029963733333336 0.40872734200000005 0.3497937266666667 0.407001432 0.35275986200000004 0.404251978 0.35518163933333335 0.4083925155 0.36315239400000004 0.4143504335 0.3654266586666667 0.41568402099999996 0.35825474133333335
2 0.353776727 0.45167788400000003 0.3539788615 0.44583411333333334 0.3510973635 0.4440003106666666 0.34536328400000005 0.45138089866666664 0.3461999275 0.45646976533333333 0.35105771700000005 0.456403846 0.353776727 0.45167788400000003
2 0.31772185999999997 0.448493216 0.317314443 0.44176092733333333 0.313356928 0.440594624 0.3072424605 0.4496107773333333 0.3076801365 0.454433188 0.3169391015 0.4531093626666667 0.31772185999999997 0.448493216
2 0.3184065145 0.4691826493333333 0.31198504850000003 0.4691826493333333 0.310276954 0.476668344 0.3150650925 0.4833190473333333 0.3175516165 0.4757478 0.3184065145 0.4691826493333333
2 0.3484761335 0.36493013933333335 0.3410012 0.366162208 0.3400327325 0.373617112 0.34564815 0.3765344133333333 0.3531916 0.3719868093333334 0.3484761335 0.36493013933333335
2 0.346075547 0.32387014399999997 0.342464724 0.3226946886666667 0.343302282 0.318454766 0.336259804 0.322667802 0.336778336 0.33198093333333334 0.3413777105 0.33539334933333337 0.346075547 0.329385382 0.346075547 0.32387014399999997
3 0.234875469 0.3806222926666667 0.22019043 0.36489783533333336 0.212094033 0.3840577826666667 0.213924946 0.39193194200000003 0.223926016 0.3968235133333333 0.234875469 0.3806222926666667
2 0.19411208049999998 0.384469476 0.190960453 0.38581924533333334 0.190960453 0.3826620806666666 0.1856730675 0.3889209086666666 0.1856805335 0.39585578666666665 0.1901416825 0.396640756 0.19556921449999998 0.38748604999999997 0.19411208049999998 0.384469476
2 0.24653010050000002 0.36490876266666666 0.244381493 0.3566267926666667 0.23688014400000001 0.3676794546666667 0.242715927 0.375224386 0.244000943 0.3720234346666667 0.24653010050000002 0.36490876266666666
2 0.188939896 0.3420048726666666 0.181741042 0.3420061073333333 0.18164621450000001 0.3533574213333333 0.186048663 0.35308234466666666 0.189176827 0.3438445713333333 0.188939896 0.3420048726666666
2 0.1768139265 0.377479636 0.172078746 0.37995565733333336 0.17202979300000001 0.3884208086666667 0.1777069545 0.3925153253333334 0.1794874555 0.38108817533333333 0.1768139265 0.377479636
2 0.261601222 0.33872627133333333 0.2605871235 0.3403690133333333 0.26076986900000004 0.35188163866666666 0.26500694750000003 0.34936408399999996 0.26710768949999997 0.3409352033333333 0.261601222 0.33872627133333333
3 0.395153568 0.31021819533333334 0.394786457 0.30570761133333335 0.3897938225 0.304744978 0.38354806350000004 0.3098635633333333 0.38429187000000004 0.31330737266666664 0.3877722005 0.315553146 0.395153568 0.31021819533333334
3 0.4133687585 0.2823966193333333 0.414843303 0.2841524946666667 0.419969683 0.27498064066666666 0.42187983100000004 0.28271629266666665 0.425923804 0.28079033266666664 0.4221759135 0.27210478066666666 0.4260007475 0.2663049353333333 0.4256112375 0.2584388793333333 0.4221808795 0.25973052399999996 0.422589628 0.25215456933333336 0.420734198 0.25215456933333336 0.4170255605 0.26318475133333336 0.4106593335 0.26300035866666666 0.412018283 0.26535702733333333 0.406053153 0.2682997946666667 0.409862568 0.27079236133333334 0.415237142 0.27558536933333333 0.4133687585 0.2823966193333333
2 0.363913313 0.25361875333333334 0.360725407 0.2569204446666667 0.359082622 0.26283376133333336 0.360621006 0.26916763066666666 0.36607787150000004 0.26752243400000003 0.363913313 0.25361875333333334
2 0.4473379555 0.34075953066666664 0.4458187295 0.33194683133333336 0.4417084505 0.33632302266666664 0.436154188 0.3415727293333333 0.440172706 0.3487376546666667 0.4455712415 0.347059136 0.4473379555 0.34075953066666664
2 0.399880668 0.37060140133333336 0.4007612645 0.36652818400000003 0.390353032 0.36398023933333334 0.3895073595 0.37285155866666664 0.394987353 0.372153838 0.399880668 0.37060140133333336
2 0.424832762 0.4201433873333334 0.42055347849999997 0.420334586 0.41932906150000004 0.4258405793333333 0.4204523305 0.430751998 0.4315507275 0.4246959453333333 0.43017641700000003 0.41972374599999995 0.424832762 0.4201433873333334
2 0.46141008549999996 0.518380482 0.459998733 0.5147932426666666 0.4524294 0.5174409306666666 0.452033697 0.5287012833333333 0.46020633149999995 0.5340290106666666 0.46098336 0.5255473446666666 0.46141008549999996 0.518380482
2 0.399106545 0.6115983953333334 0.398459754 0.605392198 0.39462016099999997 0.606016822 0.388867051 0.6014838646666666 0.3899296165 0.6074302426666667 0.38613928950000004 0.611703302 0.38611735399999997 0.617042342 0.394732549 0.6192528333333333 0.399106545 0.6115983953333334
2 0.35612451650000004 0.744429206 0.345970347 0.7399975133333334 0.3417598235 0.7459796360000001 0.3417618605 0.7498322366666667 0.351649049 0.7517780613333332 0.35612451650000004 0.744429206
2 0.370435475 0.424167384 0.3636151175 0.4268003533333333 0.3629105205 0.43360095 0.3655032395 0.4395976073333333 0.36874534449999996 0.43699594933333336 0.370435475 0.424167384
2 0.4158773045 0.4167685966666666 0.418237304 0.41472950066666664 0.423397539 0.4124210273333333 0.417381462 0.40245114733333337 0.4133911 0.4053038073333333 0.4115948465 0.41081322466666664 0.4124645605 0.4139184146666666 0.4158773045 0.4167685966666666
3 0.34063422200000004 0.5595848139999999 0.343647123 0.5552136653333334 0.343187474 0.5509485386666667 0.3410229535 0.5513238340000001 0.3417935185 0.5455999046666666 0.3425043445 0.5383335693333333 0.338708544 0.5344040453333334 0.3357530895 0.537622352 0.3343809835 0.5471453913333333 0.33540461749999995 0.5550099806666666 0.336690291 0.560946054 0.34063422200000004 0.5595848139999999
3 0.5002078050000001 0.7491500033333334 0.500389077 0.7429809966666666 0.4896312835 0.7444352733333334 0.48301711799999997 0.7521577953333334 0.48452900649999997 0.7632698113333333 0.49276223199999997 0.7648941806666667 0.5002078050000001 0.7491500033333334
3 0.567942858 0.672777568 0.564274809 0.6600979233333333 0.5571509075000001 0.663673056 0.555640935 0.6776060893333333 0.5572839535 0.6894575646666667 0.5651144025 0.6872314973333333 0.567942858 0.672777568
3 0.797471127 0.4889277733333333 0.7949542804999999 0.49882501533333334 0.801448346 0.4996139906666667 0.807129408 0.4884686373333333 0.811479969 0.47988360133333335 0.8051769480000001 0.47916037266666667 0.8058290585 0.46913898000000004 0.796483644 0.46435050533333333 0.7894942205 0.475598928 0.7822519029999999 0.48439546933333333 0.7841122465 0.4907012066666667 0.797471127 0.4889277733333333
0 0.6849596815 0.5753212793333333 0.693706127 0.5783876693333333 0.6890601934999999 0.564158238 0.6831591555 0.5542067199999999 0.68074743 0.5582127219999999 0.6752494400000001 0.5603870546666667 0.6752493435 0.5668160646666667 0.672125729 0.5761532153333333 0.6849596815 0.5753212793333333
3 0.467013381 0.9658297413333333 0.471756662 0.9553053066666667 0.46554707 0.9460000446666667 0.45470587349999997 0.9489074820000001 0.451068556 0.958164428 0.4563394075 0.9714344486666667 0.46249059 0.9706862866666667 0.467013381 0.9658297413333333
3 0.453554028 0.4976192446666666 0.45980032849999997 0.486890792 0.447542923 0.4807863126666667 0.435331299 0.48303006 0.4365295875 0.4975846 0.4400517815 0.4990387973333333 0.453554028 0.4976192446666666
3 0.48758572650000004 0.5816963746666667 0.49187704050000003 0.571842922 0.48772907350000005 0.56429513 0.4726548585 0.5767663406666667 0.47181854900000003 0.5814690813333333 0.475040555 0.588281034 0.48758572650000004 0.5816963746666667
3 0.595378731 0.5586120466666666 0.596087937 0.5496833706666666 0.5887832085 0.5490505953333333 0.5792515525 0.55590571 0.578081645 0.5598429513333333 0.5812681955000001 0.5659768006666667 0.595378731 0.5586120466666666
3 0.541046774 0.5007655953333334 0.5317991624999999 0.4940713013333333 0.523496187 0.4998756873333333 0.5226625770000001 0.5086151793333333 0.5386435255 0.50847195 0.541046774 0.5007655953333334
3 0.4698028615 0.4447144293333333 0.466055145 0.44922908066666667 0.4727614585 0.464445206 0.48249491699999997 0.463283614 0.480398545 0.44725999 0.4698028615 0.4447144293333333
2 0.4617503865 0.4218981193333333 0.4671434795 0.407341646 0.460599741 0.40063296866666664 0.45730548299999996 0.404609482 0.4515194815 0.404609482 0.45245592 0.4216093246666667 0.4617503865 0.4218981193333333
2 0.493441147 0.14053789066666666 0.485522212 0.136093222 0.473117152 0.136939254 0.474908591 0.14804907066666667 0.4918076725 0.1496908653333333 0.493441147 0.14053789066666666
3 0.58656948 0.14750540933333334 0.5934372895 0.14675322933333332 0.5962152555 0.14332330266666665 0.595263597 0.134967482 0.5931048545 0.12665011399999998 0.5877693905 0.126238038 0.5865369795 0.13107160666666665 0.5839996565 0.134158146 0.585029277 0.13975162533333335 0.58656948 0.14750540933333334
3 0.5602427375 0.100123286 0.559183246 0.096352578 0.5633924935 0.09549378666666666 0.5610985065 0.09368722266666667 0.5664332799999999 0.09110699400000001 0.5658902375 0.087141428 0.5566965835 0.087141428 0.5549401329999999 0.08517655666666667 0.5485121995 0.08859250666666665 0.551256101 0.09677189 0.5549790960000001 0.09618238999999999 0.5602427375 0.100123286