5 0.2535781225 0.5027689040000001 0.2703062855 0.48974124399999996 0.27880080900000004 0.4310387053333333 0.28065999649999995 0.39354439 0.242928642 0.40910738599999996 0.2503961275 0.4427856766666666 0.2457697355 0.4573682826666666 0.24422776999999998 0.48115352666666666 0.2535781225 0.5027689040000001
5 0.27108658550000003 0.280780048 0.2802004775 0.28521084933333335 0.2877329675 0.26107210533333336 0.2806072805 0.2404474766666667 0.2906892425 0.227932938 0.2687409805 0.21320298933333334 0.2719247705 0.23710214533333332 0.264041969 0.24667966266666666 0.242421484 0.30835201333333334 0.239122822 0.3125767193333333 0.251248954 0.32332146733333333 0.27108658550000003 0.280780048
3 0.32093803600000004 0.226259602 0.31245202499999997 0.208703572 0.316670623 0.20228163533333335 0.33180200000000004 0.188568396 0.3179835875 0.1772137413333333 0.30776561199999997 0.163387374 0.2889276855 0.18071469133333334 0.284008433 0.20556800866666666 0.285835985 0.22056371266666666 0.306132052 0.2264116506666667 0.32093803600000004 0.226259602
4 0.27406539550000003 0.23643373533333334 0.267794238 0.21911170066666666 0.251550327 0.21841600933333333 0.2449327885 0.230319424 0.2512200115 0.24451867 0.264965836 0.24669893733333334 0.27406539550000003 0.23643373533333334
3 0.391095211 0.4043308646666667 0.38733802050000005 0.3931353786666667 0.3742825425 0.394230754 0.3671185965 0.4083912646666667 0.3621649535 0.41948984266666667 0.373887904 0.42984390466666667 0.391095211 0.4043308646666667
4 0.37315874050000003 0.645634728 0.3535390905 0.6391517906666666 0.34479222600000003 0.6389932213333334 0.3428387515 0.650514554 0.3498070965 0.6724526013333333 0.373481472 0.6779225853333333 0.37777309150000005 0.657329654 0.37315874050000003 0.645634728
2 0.451681143 0.061968543333333334 0.44718519300000004 0.053608466 0.43666296649999997 0.056125476 0.43701587799999997 0.06585107933333333 0.440035393 0.07549075333333334 0.45193611499999997 0.07363752999999999 0.451681143 0.061968543333333334
2 0.5315179025 0.39380510933333335 0.518315391 0.3901734906666666 0.518708853 0.4048650153333333 0.5218200239999999 0.41452623266666666 0.5315179025 0.4077719693333334 0.5315179025 0.39380510933333335
2 0.40217622799999997 0.4949861266666667 0.394612505 0.518921686 0.41058782450000003 0.5223655966666667 0.4103212755 0.4923640773333333 0.40217622799999997 0.4949861266666667
2 0.361028925 0.469591416 0.3565320155 0.47469981 0.35873841850000004 0.49317025533333336 0.3704958215 0.49135017466666664 0.37165410600000004 0.477260198 0.361028925 0.469591416
2 0.47201119849999995 0.6851844606666667 0.4700995435 0.6724549946666667 0.4589577635 0.6681441113333334 0.4528920195 0.6714770813333334 0.4534247765 0.6819800546666667 0.4609928955 0.687795614 0.47201119849999995 0.6851844606666667
2 0.671298089 0.8975058306666667 0.6683221 0.8936445180000001 0.6595301865000001 0.8966856346666667 0.6575071219999999 0.9075634233333334 0.666051168 0.9125932153333334 0.6739944765 0.9078724433333334 0.671298089 0.8975058306666667
2 0.605747976 0.63724773 0.5999291164999999 0.6322979293333334 0.5969707240000001 0.6346441106666667 0.5942472480000001 0.6438633046666666 0.5950084825 0.6512888453333333 0.6037623919999999 0.6483764706666667 0.605747976 0.63724773
2 0.5325373495 0.5388905833333333 0.532311549 0.5510084426666666 0.541582044 0.5527397506666667 0.5481085505 0.5521162706666667 0.5432357475 0.538976282 0.5325373495 0.5388905833333333
2 0.593742391 0.313402068 0.584552869 0.31344791666666666 0.5857592675 0.3205345906666667 0.594259709 0.317539294 0.593742391 0.313402068
2 0.5059179155 0.24537806266666667 0.486119225 0.2459924586666667 0.4887862175 0.2574961686666667 0.5035256585 0.2537023666666666 0.5059179155 0.24537806266666667
2 0.6230049875 0.20267431 0.617866208 0.20130132933333333 0.6178223405 0.208965278 0.619362162 0.213957394 0.625751443 0.21312904066666666 0.6230049875 0.20267431