6 0.7297994055 0.681473828 0.7172804675 0.6663022313333333 0.6970078835000001 0.6690896706666667 0.6175308300000001 0.7953253326666666 0.6288791605 0.7943288006666667 0.6484561569999999 0.7626166626666666 0.6495689099999999 0.7832045320000001 0.6634195625 0.780890102 0.6755073735 0.8352341953333333 0.6944621045 0.8222723913333333 0.7072760044999999 0.7569540646666666 0.7117838315 0.72267481 0.715246068 0.7090931053333334 0.7225407655 0.7186361426666668 0.722034342 0.7020780353333332 0.7297994055 0.681473828
6 0.7691076895 0.46922506866666663 0.7511336105 0.515106262 0.7533512495 0.525230828 0.7514904565 0.5749785746666667 0.7580554795000001 0.5856153793333334 0.761884185 0.578566834 0.781346265 0.6044382873333333 0.7969247235 0.5982963513333334 0.8032146649999999 0.574907478 0.7865304745 0.520039034 0.7815276625 0.5032134426666667 0.7908659165 0.49070185066666666 0.785145816 0.4736434133333333 0.7691076895 0.46922506866666663
6 0.753223615 0.3975443173333333 0.7469843835000001 0.41097643666666667 0.7296953395000001 0.36881031466666664 0.7203132745 0.36881031466666664 0.714335372 0.3854994133333333 0.718497808 0.46412615933333334 0.7266266255 0.517593894 0.7050704465 0.4929452966666667 0.70704822 0.5034035553333334 0.725175899 0.524829884 0.731298263 0.5385495393333333 0.7418294645 0.5337997486666667 0.7498619745 0.522555616 0.7724667525 0.46439513400000004 0.7923388765 0.39001920733333334 0.7858968505 0.38305967133333335 0.7790927995 0.38658255 0.7632836814999999 0.42539356 0.761601029 0.3984339333333333 0.753223615 0.3975443173333333
6 0.7014361265 0.39314486933333337 0.6916449185 0.39612112466666666 0.6903943779999999 0.40263843066666666 0.6937609975 0.400777984 0.681912479 0.442025604 0.6834409015 0.4578180533333333 0.697477483 0.4559205946666667 0.7006556745 0.45036796333333334 0.70362992 0.45362743533333333 0.7169926535 0.45958509533333336 0.719869361 0.4494709306666667 0.7153525585 0.43587953733333334 0.7087717555 0.4060093 0.7060189044999999 0.39708726533333333 0.7014361265 0.39314486933333337
6 0.5692973950000001 0.7270597646666667 0.555240352 0.7418542373333333 0.5475187935 0.7499346579999999 0.5459203199999999 0.7532872333333334 0.548603374 0.7565839726666667 0.5508973605 0.7582428726666667 0.570408108 0.7573686726666666 0.5797059245 0.75375704 0.580046606 0.7511426453333333 0.5736152995 0.7446218426666666 0.574181186 0.7335753313333333 0.5737085365000001 0.727027102 0.5692973950000001 0.7270597646666667
6 0.5926927375000001 0.722033106 0.5949632 0.731873646 0.6022342700000001 0.74375092 0.6038183505 0.742191524 0.6026076545 0.7374709993333333 0.6112005715000001 0.735684162 0.6121855155 0.7300385293333334 0.6041093635 0.7074961213333333 0.5959150879999999 0.6947503213333333 0.5891277155 0.6913299919999999 0.5869337299999999 0.7031411499999999 0.5926927375000001 0.722033106
6 0.438546881 0.6585452606666667 0.4382994655 0.6704628506666667 0.43947596600000005 0.6707460833333334 0.444893235 0.6713489993333334 0.4514845665 0.6671403893333333 0.451813951 0.669060612 0.461244728 0.6714892413333333 0.462554081 0.6665185726666667 0.4593987765 0.6491029273333333 0.454126908 0.6343397926666666 0.450702374 0.6289134566666666 0.44630724 0.6287462673333334 0.446631204 0.63321317 0.4419877845 0.6432222426666666 0.438546881 0.6585452606666667
2 0.5455388010000001 0.918343554 0.552466982 0.9124973693333333 0.5499811499999999 0.9041192366666667 0.5335297135 0.9075496366666667 0.5287952625000001 0.9133679766666667 0.5324520925 0.9214172793333334 0.5455388010000001 0.918343554
3 0.737841901 0.8604338173333334 0.737224256 0.8518812746666667 0.7264820955 0.8430305093333333 0.7147645735 0.8589385113333333 0.720038795 0.8691292813333333 0.7358605955 0.8690924446666666 0.737841901 0.8604338173333334
6 0.449884915 0.8065308320000001 0.4589628115 0.8161187413333334 0.459423142 0.8244016593333334 0.46140540750000003 0.8241564613333333 0.46137516349999996 0.8189154513333333 0.4655957895 0.8194589006666667 0.468468917 0.8163342613333333 0.4697024755 0.8205522439999999 0.472980332 0.8197097993333333 0.4791593435 0.8176563546666666 0.4784433385 0.8117266006666667 0.473939087 0.8048974086666667 0.46406820049999997 0.7978144420000001 0.4537096645 0.792742012 0.448875309 0.7992860126666667 0.449884915 0.8065308320000001
3 0.4563679965 0.141255356 0.4587400745 0.13235601733333335 0.4518915665 0.124227832 0.4458385945 0.12066978399999999 0.4434893075 0.113750218 0.4401434935 0.115221818 0.442475275 0.12417781866666666 0.44149415 0.12544360933333334 0.42940965649999996 0.12516490733333335 0.42900258 0.12796968933333333 0.4352059405 0.13009401866666667 0.4314804085 0.13250868866666668 0.427407468 0.14062536266666667 0.42894489750000003 0.14590236933333334 0.43509899350000003 0.14796860133333334 0.4451845025 0.142177922 0.44726891 0.14640853266666667 0.4553169325 0.145699222 0.450388012 0.13516762333333332 0.45088115749999996 0.13233828866666666 0.4563679965 0.141255356
2 0.529118288 0.13003602533333333 0.5311782785 0.129236214 0.5395607725 0.12901946666666667 0.5437269444999999 0.12363182933333333 0.540500932 0.11770091399999999 0.532674479 0.11474765333333332 0.5246556689999999 0.11726978733333335 0.523356585 0.12293225266666667 0.529118288 0.13003602533333333
2 0.597602037 0.26442540466666664 0.599143879 0.256412824 0.596957224 0.251128148 0.5908473350000001 0.2544994546666667 0.5885074105 0.26437146933333333 0.5930980335 0.26941887866666664 0.597602037 0.26442540466666664
1 0.683456832 0.44275086 0.674926199 0.4401482526666667 0.6746046175 0.45128870466666665 0.6674299130000001 0.43538086866666664 0.664337918 0.4353185626666667 0.665263681 0.44936355266666667 0.667912249 0.4683993553333333 0.6760476555 0.4741304153333333 0.6826627915 0.48991197333333336 0.683731206 0.48337341666666667 0.6836332515 0.4774449006666667 0.688892697 0.47880163866666664 0.690283338 0.47462612733333337 0.679883996 0.4707833346666666 0.679140798 0.46588588533333336 0.6846709704999999 0.4623850726666667 0.6815181370000001 0.44982341733333336 0.6835662185 0.44898857 0.683456832 0.44275086
3 0.4613822205 0.532151978 0.4622427325 0.5280843866666667 0.4519341465 0.5257296313333333 0.452326707 0.5192328613333334 0.4479555975 0.512874446 0.44158581500000005 0.5147032846666667 0.439199699 0.5216176539999999 0.4334761645 0.5172230839999999 0.430303541 0.5209411540000001 0.4357092735 0.5269950233333334 0.435000728 0.5356397653333334 0.4353819045 0.5535115906666667 0.4408860935 0.556766002 0.447837722 0.5565534793333333 0.4510617855 0.5454901293333333 0.4609081115 0.549712768 0.46273519649999995 0.54710702 0.453012605 0.5385666573333333 0.450315742 0.5320678466666666 0.4613822205 0.532151978
6 0.283045836 0.3554809566666667 0.27801721199999996 0.3525426546666667 0.267629819 0.35135444066666666 0.2612419015 0.3674914633333334 0.26504891750000004 0.3674914633333334 0.2630029505 0.3711862153333333 0.2633538645 0.39043415 0.27092516899999997 0.3868889186666667 0.2773790705 0.3901900446666667 0.2797671755 0.386645172 0.279807683 0.3678612073333334 0.285589122 0.36968640533333336 0.2786346405 0.35892142600000004 0.28290192000000003 0.3596088473333333 0.283045836 0.3554809566666667
2 0.4583360815 0.3682096706666667 0.462587871 0.36402609599999997 0.463796074 0.35966656333333336 0.4587727065 0.35578972666666664 0.448206001 0.35690274066666666 0.44932041149999996 0.363235624 0.4583360815 0.3682096706666667
2 0.5004578005 0.5083852693333333 0.5039567524999999 0.5139261113333333 0.509132499 0.51396833 0.5089925725 0.505395102 0.5125002664999999 0.5044146399999999 0.5094259584999999 0.5018908639999999 0.5083785405 0.49329699066666666 0.503793154 0.49495475666666666 0.5004578005 0.5083852693333333
0 0.556337864 0.6082026926666667 0.5589969555000001 0.6018894533333333 0.550668005 0.600611242 0.5451288584999999 0.6029572893333334 0.5478236375000001 0.6068916933333334 0.556337864 0.6082026926666667
0 0.5626350045 0.548983992 0.5690559305 0.5494851286666667 0.575426239 0.5396778139999999 0.576635227 0.536658244 0.5715305980000001 0.5304274686666667 0.5666688679999999 0.5292833106666667 0.5603491315 0.5397232153333333 0.5626350045 0.548983992
3 0.5816997355 0.818147268 0.5766339265 0.815901416 0.5707209015 0.8197596913333334 0.5660981565 0.8123154859999999 0.562770759 0.8123154859999999 0.56475621 0.8201553399999999 0.5633854855 0.8269564766666667 0.5568582315 0.827356066 0.556884633 0.8320795646666667 0.5647430095 0.8320795646666667 0.5605449585 0.83632435 0.562799222 0.8418165080000001 0.569581742 0.8334600713333332 0.5717250255 0.8324483913333334 0.574262693 0.842289318 0.5763970205000001 0.8415469926666667 0.5760537859999999 0.8363115006666667 0.583403428 0.8360676960000001 0.584909919 0.8324583026666665 0.578991096 0.825459314 0.5872185095 0.8192245586666667 0.5858610165 0.8151703819999999 0.5816997355 0.818147268
3 0.4759431085 0.8741611893333334 0.4786362585 0.8843280573333333 0.4684490865 0.879886996 0.47470722 0.8876090973333333 0.4783913175 0.89447946 0.481639382 0.90457956 0.484926989 0.899623196 0.491603722 0.8941820739999999 0.4998775505 0.8937927299999999 0.4968904595 0.8885230353333333 0.489420897 0.8833910453333333 0.4948298735 0.879607868 0.4932995465 0.8712986640000001 0.4759431085 0.8741611893333334
3 0.4549390715 0.737273028 0.46082916799999996 0.7483965246666666 0.4677263365 0.7423720193333334 0.4726687905 0.74868594 0.47675888099999997 0.7530184446666667 0.48792923250000003 0.7456083 0.4891190615 0.73671143 0.48396689099999995 0.7271384633333333 0.4755645375 0.717384832 0.46545583749999997 0.7158682180000001 0.456283887 0.7251464913333333 0.4549390715 0.737273028
3 0.5368300065 0.7038982153333333 0.526094692 0.7111365146666667 0.5140235335 0.708320632 0.516092627 0.6905346093333332 0.5119562685 0.689902176 0.5089049555 0.7076780893333333 0.49606894549999997 0.7130841600000001 0.4959326995 0.721487868 0.503467966 0.725892566 0.5055380895 0.7382338013333333 0.516812333 0.7270388200000001 0.52747082 0.7239057486666667 0.530135621 0.7272126866666667 0.538377686 0.7243668466666666 0.538641565 0.7219012893333333 0.5308510205 0.72087658 0.529024715 0.7135743366666667 0.5373148425000001 0.708028014 0.5368300065 0.7038982153333333
2 0.591272658 0.6502062733333333 0.592998568 0.6472401379999999 0.595748022 0.6448183606666666 0.5916074845 0.636847606 0.5856495665 0.6345733413333333 0.584315979 0.6417452586666667 0.5856410694999999 0.6497003626666666 0.591272658 0.6502062733333333
2 0.6489026365 0.5559996893333333 0.654636716 0.5486191013333334 0.6538000725 0.5435302346666666 0.648942283 0.5435961539999999 0.6462232729999999 0.548322116 0.6460211385 0.5541658866666667 0.6489026365 0.5559996893333333
2 0.686643072 0.559405376 0.6927575395 0.5503892226666667 0.6923198635 0.545566812 0.6830608985 0.5468906373333333 0.68227814 0.551506784 0.682685557 0.5582390726666666 0.686643072 0.559405376
2 0.689723046 0.523331656 0.6849349075 0.5166809526666667 0.6824483834999999 0.5242522 0.6815934855000001 0.5308173506666667 0.6880149515 0.5308173506666667 0.689723046 0.523331656
2 0.6599672675 0.626382888 0.6543518500000001 0.6234655866666667 0.6468084000000001 0.6280131906666666 0.6515238665 0.6350698606666666 0.6589988 0.633837792 0.6599672675 0.626382888
2 0.656697718 0.681545234 0.663740196 0.677332198 0.663221664 0.6680190666666667 0.6586222895 0.6646066506666667 0.653924453 0.670614618 0.653924453 0.676129856 0.657535276 0.6773053113333334 0.656697718 0.681545234
3 0.787905967 0.6159422173333333 0.786075054 0.608068058 0.776073984 0.6031764866666667 0.765124531 0.6193777073333333 0.7798095700000001 0.6351021646666667 0.787905967 0.6159422173333333
2 0.809039547 0.6173379193333334 0.8143269325 0.6110790913333334 0.8143194665 0.6041442133333333 0.8098583175 0.603359244 0.8044307854999999 0.61251395 0.8058879194999999 0.615530524 0.809039547 0.6141807546666667 0.809039547 0.6173379193333334
2 0.763119856 0.6323205453333334 0.757284073 0.624775614 0.755999057 0.6279765653333333 0.7534698995 0.6350912373333333 0.755618507 0.6433732073333334 0.763119856 0.6323205453333334
2 0.8183537854999999 0.6466425786666667 0.813951337 0.6469176553333333 0.810823173 0.6561554286666667 0.8110601040000001 0.6579951273333333 0.818258958 0.6579938926666667 0.8183537854999999 0.6466425786666667
2 0.827970207 0.6115791913333334 0.8222930454999999 0.6074846746666667 0.8205125445 0.6189118246666667 0.8231860735000001 0.622520364 0.8279212539999999 0.6200443426666666 0.827970207 0.6115791913333334
2 0.739230131 0.6481183613333333 0.7349930525 0.650635916 0.7328923105 0.6590647966666667 0.738398778 0.6612737286666667 0.7394128765000001 0.6596309866666666 0.739230131 0.6481183613333333
3 0.6102061775 0.695255022 0.6164519365 0.6901364366666667 0.61570813 0.6866926273333334 0.6122277995 0.6844468539999999 0.6048464320000001 0.6897818046666666 0.605213543 0.6942923886666668 0.6102061775 0.695255022
3 0.580030317 0.7250193593333334 0.5781201690000001 0.7172837073333334 0.5740761959999999 0.7192096673333334 0.5778240865000001 0.7278952193333333 0.5739992525000001 0.7336950646666666 0.5743887625 0.7415611206666667 0.5778191205000001 0.7402694759999999 0.577410372 0.7478454306666666 0.579265802 0.7478454306666666 0.5829744395 0.7368152486666666 0.5893406664999999 0.7369996413333333 0.587981717 0.7346429726666667 0.593946847 0.7317002053333334 0.590137432 0.7292076386666666 0.584762858 0.7244146306666667 0.5866312415 0.7176033806666666 0.5851566970000001 0.7158475053333333 0.580030317 0.7250193593333334
2 0.640917378 0.7371662386666666 0.6393789940000001 0.7308323693333333 0.6339221285 0.732477566 0.6360866869999999 0.7463812466666666 0.639274593 0.7430795553333334 0.640917378 0.7371662386666666
2 0.5582915494999999 0.6636769773333333 0.5638458120000001 0.6584272706666666 0.5598272940000001 0.6512623453333333 0.5544287585 0.652940864 0.5526620445 0.6592404693333334 0.5541812705 0.6680531686666666 0.5582915494999999 0.6636769773333333
2 0.6096469680000001 0.6360197606666667 0.6104926405 0.6271484413333334 0.605012647 0.627846162 0.600119332 0.6293985986666667 0.5992387355 0.633471816 0.6096469680000001 0.6360197606666667
2 0.5806709385000001 0.5741594206666667 0.5795476695 0.5692480019999999 0.5684492725 0.5753040546666667 0.569823583 0.580276254 0.575167238 0.5798566126666667 0.5794465215 0.5796654139999999 0.5806709385000001 0.5741594206666667
2 0.5475706 0.48255906933333337 0.547966303 0.4712987166666667 0.5397936685 0.46597098933333336 0.53901664 0.47445265533333336 0.5385899144999999 0.48161951799999997 0.540001267 0.48520675733333335 0.5475706 0.48255906933333337
2 0.6053798389999999 0.39398317800000004 0.611132949 0.39851613533333335 0.6100703835000001 0.3925697573333333 0.6138607105 0.38829669800000005 0.613882646 0.38295765800000003 0.605267451 0.3807471666666667 0.600893455 0.3884016046666666 0.601540246 0.394607802 0.6053798389999999 0.39398317800000004
2 0.6582401765 0.254020364 0.6582381395 0.25016776333333335 0.6483509510000001 0.24822193866666664 0.6438754835 0.255570794 0.654029653 0.2600024866666667 0.6582401765 0.254020364
2 0.6370894795 0.56639905 0.6344967605 0.5604023926666667 0.6312546555 0.5630040506666667 0.629564525 0.575832616 0.6363848825 0.5731996466666667 0.6370894795 0.56639905
2 0.5766024609999999 0.5875789726666667 0.582618538 0.5975488526666667 0.5866089 0.5946961926666667 0.5884051535 0.5891867753333333 0.5875354395000001 0.5860815853333333 0.5841226955 0.5832314033333333 0.581762696 0.5852704993333333 0.5766024609999999 0.5875789726666667
3 0.6568125260000001 0.4490514613333333 0.6589770465 0.448676166 0.6582064814999999 0.4544000953333333 0.6574956555 0.4616664306666667 0.661291456 0.46559595466666664 0.6642469105000001 0.462377648 0.6656190165 0.4528546086666667 0.6645953825 0.4449900193333334 0.663309709 0.439053946 0.659365778 0.440415186 0.656352877 0.4447863346666666 0.6568125260000001 0.4490514613333333
3 0.5103687165 0.25556472666666663 0.516982882 0.24784220466666668 0.5154709934999999 0.23673018866666667 0.507237768 0.23510581933333333 0.499792195 0.2508499966666667 0.49961092300000004 0.25701900333333333 0.5103687165 0.25556472666666663
3 0.4428490925 0.33632694399999996 0.444359065 0.32239391066666667 0.4427160465 0.3105424353333333 0.4348855975 0.31276850266666667 0.432057142 0.327222432 0.435725191 0.33990207666666666 0.4428490925 0.33632694399999996
3 0.19855165400000002 0.5003860093333333 0.19287059199999998 0.5115313626666667 0.18852003099999998 0.5201163986666666 0.194823052 0.5208396273333333 0.1941709415 0.53086102 0.203516356 0.5356494946666667 0.2105057795 0.5244010720000001 0.217748097 0.5156045306666667 0.2158877535 0.5092987933333333 0.202528873 0.5110722266666666 0.2050457195 0.5011749846666667 0.19855165400000002 0.5003860093333333
0 0.31093980649999997 0.435841762 0.3168408445 0.44579328 0.31925257 0.441787278 0.32475056 0.4396129453333333 0.3247506565 0.4331839353333333 0.327874271 0.42384678466666664 0.3150403185 0.4246787206666667 0.306293873 0.42161233066666665 0.31093980649999997 0.435841762
3 0.53445293 0.053999955333333335 0.5452941265 0.051092518 0.548931444 0.041835572 0.5436605925 0.02856555133333333 0.53750941 0.029313713333333335 0.532986619 0.03417025866666667 0.528243338 0.044694693333333334 0.53445293 0.053999955333333335
3 0.552457077 0.5192136873333333 0.5646687010000001 0.5169699400000001 0.5634704125 0.5024154000000001 0.5599482185000001 0.5009612026666667 0.546445972 0.5023807553333334 0.5401996715 0.513109208 0.552457077 0.5192136873333333
3 0.5122709265 0.43570487 0.5273451415 0.42323365933333335 0.528181451 0.4185309186666667 0.5249594449999999 0.41171896599999996 0.5124142735 0.4183036253333333 0.5081229595 0.428157078 0.5122709265 0.43570487
3 0.4112167915 0.4509494046666667 0.4207484475 0.44409429 0.421918355 0.4401570486666667 0.4187318045 0.43402319933333333 0.404621269 0.44138795333333336 0.403912063 0.4503166293333334 0.4112167915 0.4509494046666667
3 0.476503813 0.5001243126666667 0.477337423 0.49138482066666667 0.4613564745 0.49152805 0.458953226 0.49923440466666663 0.46820083749999997 0.5059286986666667 0.476503813 0.5001243126666667
3 0.5272385415 0.535554794 0.517505083 0.5367163859999999 0.519601455 0.55274001 0.5301971385 0.5552855706666666 0.533944855 0.5507709193333333 0.5272385415 0.535554794
2 0.539400259 0.5993670313333334 0.542694517 0.595390518 0.5484805185 0.595390518 0.54754408 0.5783906753333333 0.5382496135 0.5781018806666667 0.5328565205 0.592658354 0.539400259 0.5993670313333334
2 0.526882848 0.8630607459999999 0.525091409 0.8519509293333334 0.5081923275 0.8503091346666667 0.506558853 0.8594621093333333 0.514477788 0.863906778 0.526882848 0.8630607459999999
3 0.4037847445 0.8566766973333333 0.404736403 0.865032518 0.4068951455 0.873349886 0.4122306095 0.873761962 0.4134630205 0.8689283933333333 0.4160003435 0.8658418539999999 0.41497072300000004 0.8602483746666667 0.41343052 0.8524945906666667 0.4065627105 0.8532467706666667 0.4037847445 0.8566766973333333
3 0.4366075065 0.9045062133333333 0.4389014935 0.9063127773333334 0.43356671999999996 0.9088930059999999 0.4341097625 0.912858572 0.44330341650000005 0.912858572 0.445059867 0.9148234433333333 0.4514878005 0.9114074933333333 0.448743899 0.90322811 0.445020904 0.90381761 0.4397572625 0.899876714 0.440816754 0.903647422 0.4366075065 0.9045062133333333