4 0.6598234085 0.222252462 0.6674028005 0.22439477933333335 0.6657648964999999 0.216659556 0.6721910305000001 0.209433508 0.672691099 0.203365266 0.6525607755 0.19569506866666667 0.6421699565 0.20560913 0.6366785175 0.205983176 0.632740317 0.21632707466666667 0.648840193 0.22666966933333332 0.6598234085 0.222252462
4 0.7909958484999999 0.37366329200000004 0.7865893395000001 0.36526423999999996 0.7874539745 0.359486582 0.7788340125 0.3449699086666667 0.7606666085 0.342548358 0.7545921355 0.35481087466666666 0.761061652 0.36432907466666664 0.7644140925 0.37206046066666665 0.7829321635000001 0.38210257333333336 0.7909958484999999 0.37366329200000004
4 0.775835766 0.399101078 0.7814768315 0.3949790286666666 0.7769798535 0.3853822186666666 0.7769953405 0.3810429046666666 0.7590842715 0.36283037599999995 0.7530116259999999 0.36029204800000003 0.751523332 0.37977999333333334 0.7597243145 0.3972990653333333 0.775835766 0.399101078
4 0.785030152 0.5101353173333334 0.776742292 0.49114275933333335 0.7692287915 0.49078892333333335 0.7643873035000001 0.48716055199999997 0.757001529 0.48934705333333334 0.752725856 0.5092205346666666 0.759826727 0.5268544806666666 0.7769537860000001 0.5336869546666667 0.7836723745 0.528880042 0.785030152 0.5101353173333334
4 0.8191078865 0.6119616393333334 0.828957258 0.5879637573333334 0.8237501455 0.5782185986666667 0.806885722 0.5783540366666667 0.79120925 0.5919283726666666 0.789189898 0.606948428 0.7985699505 0.6123583126666666 0.8191078865 0.6119616393333334
4 0.740619571 0.6011052953333333 0.7384311619999999 0.586297568 0.7278297475000001 0.58067744 0.7252498540000001 0.5680621246666666 0.720073042 0.5702249413333333 0.7150657189999999 0.584686154 0.7143279770000001 0.601571996 0.7185133095 0.6112026013333334 0.717825587 0.620524538 0.721858905 0.6275506353333333 0.731457457 0.6228071886666666 0.740619571 0.6011052953333333
4 0.6267160239999999 0.60724395 0.6337214085 0.5794494573333333 0.6294571664999999 0.569612018 0.6264868954999999 0.5582558726666667 0.6195166209999999 0.55689382 0.6085427845 0.573094168 0.6091523835 0.5774649046666667 0.6033801125 0.611822396 0.616949329 0.6148792826666667 0.6267160239999999 0.60724395
4 0.6339824405000001 0.6561048613333333 0.6275111445 0.6321971326666667 0.62195803 0.6299360399999999 0.6128281879999999 0.6233973993333333 0.6049619205 0.6216553246666666 0.602353747 0.6309028626666666 0.6055415075 0.653304742 0.6169807515 0.6652496773333333 0.6297866555 0.6666473426666667 0.6339824405000001 0.6561048613333333
4 0.7049478125 0.786604558 0.707981538 0.7756564046666667 0.708449126 0.7623348813333334 0.6981951074999999 0.7487773253333333 0.6806277475000001 0.7436947273333333 0.6746924315 0.7477621606666667 0.6802104035 0.7659117160000001 0.68249781 0.7718568966666667 0.6889438874999999 0.7766631893333333 0.6944188465 0.7766631893333333 0.694629506 0.78030956 0.7049478125 0.786604558
4 0.6027133595 0.9436846053333333 0.604425668 0.927684828 0.603444208 0.9194143093333333 0.597856144 0.906027568 0.589410209 0.906189256 0.5826155645 0.9274424033333333 0.584509916 0.9438926573333333 0.5948373444999999 0.9526699786666667 0.6027133595 0.9436846053333333
4 0.5185589844999999 0.966762168 0.515364683 0.9545675840000001 0.5117012224999999 0.9547086006666666 0.503803468 0.9499586126666666 0.484122263 0.9566049666666666 0.480354595 0.971103406 0.48935877850000004 0.9729201886666666 0.5013198489999999 0.97325756 0.509428309 0.9762720420000001 0.5143155205000001 0.9669316146666667 0.5185589844999999 0.966762168
2 0.6012621725 0.2298563826666667 0.6001102110000001 0.219096394 0.5933860535 0.2085199726666667 0.5882607950000001 0.20938035133333335 0.5914630385 0.22685594666666667 0.5959443280000001 0.22841531466666667 0.6012621725 0.2298563826666667
2 0.6342468659999999 0.246614774 0.6369476335 0.23801526666666667 0.635527066 0.236489118 0.629439162 0.23655743266666665 0.6238971 0.23152250533333332 0.6198352435000001 0.23508504333333333 0.626221349 0.2420236473333333 0.6251621764999999 0.24631539133333336 0.6342468659999999 0.246614774
2 0.521749465 0.32867592133333334 0.5360223435 0.3283280533333333 0.5369998835 0.32270150866666664 0.535119188 0.3155814333333333 0.53515418 0.3152578466666667 0.5311360025 0.3141349626666667 0.5278465595 0.31808828133333333 0.52074817 0.32236386866666666 0.521749465 0.32867592133333334
2 0.5936892850000001 0.423144844 0.5981624695000001 0.4245785953333333 0.6004760985 0.420657994 0.6066838845 0.4162907713333333 0.6063228895 0.410648954 0.600689741 0.409906426 0.5929725085 0.41145077399999996 0.5936892850000001 0.423144844
2 0.500476164 0.38155304533333334 0.5028425265 0.3760826853333333 0.4959981785 0.369532858 0.495244318 0.36359889799999995 0.4876071515 0.3621322846666667 0.4857133205 0.37326420066666666 0.49204844150000004 0.3796883573333334 0.494179247 0.37544758266666667 0.500476164 0.38155304533333334
2 0.484840184 0.3968645386666667 0.4894872185 0.3844760446666667 0.4864415285 0.3798309913333333 0.48148575299999996 0.38131644466666664 0.47341988300000004 0.37924412999999996 0.474406694 0.38748200600000005 0.479597478 0.389525254 0.48005645249999995 0.39955836 0.484840184 0.3968645386666667
2 0.5374075420000001 0.526650398 0.54348917 0.5242646019999999 0.5456409175 0.5253389173333334 0.5527433885 0.5231728653333333 0.5538545054999999 0.5191130733333333 0.5476324644999999 0.5134297526666667 0.539465277 0.506848024 0.5350938215 0.5163624153333334 0.5374075420000001 0.526650398
2 0.4897695875 0.6032395386666667 0.4912264385 0.6060531773333333 0.49473402800000005 0.607141972 0.495618905 0.5948438013333334 0.49313066 0.5915591866666667 0.480194842 0.5994532953333334 0.4824217625 0.6070996146666666 0.4897695875 0.6032395386666667
2 0.4527436255 0.522243394 0.459021921 0.525127694 0.46316669 0.5199255700000001 0.4574110535 0.5099374653333334 0.4531115595 0.5096166826666667 0.4506312135 0.5151495046666666 0.4527436255 0.522243394
2 0.38108063 0.5523650273333334 0.38875435449999995 0.5523245139999999 0.3893950665 0.5371232353333333 0.38736332650000005 0.5339110193333333 0.38411443050000005 0.5323456986666667 0.378617969 0.5441231426666666 0.38108063 0.5523650273333334
2 0.3435957055 0.57643017 0.359934333 0.5821784520000001 0.3608119965 0.5759844793333333 0.362078719 0.564127686 0.359066455 0.5612820853333333 0.353225677 0.5692660453333334 0.34831388950000003 0.5685815133333333 0.3435957055 0.57643017
2 0.40813579099999997 0.44087900399999996 0.414088666 0.4337708173333333 0.409313531 0.431730328 0.406654545 0.4257803033333333 0.403863961 0.42316950533333336 0.3951300235 0.4388427366666666 0.3974483735 0.44569953733333334 0.402365408 0.4377896993333333 0.40813579099999997 0.44087900399999996
7 0.431094092 0.36237315400000003 0.427950069 0.360690684 0.42063262900000004 0.3621270566666667 0.4188286155 0.35211157000000004 0.41521866799999996 0.3504976733333333 0.4136633005 0.37280450200000004 0.41772179649999996 0.3745470106666667 0.4132125575 0.38352743 0.414246032 0.3895571246666667 0.418950258 0.38180417200000005 0.417375537 0.39799531866666665 0.4234708485 0.3982047053333333 0.42205842050000003 0.3886443586666667 0.425052897 0.3797265533333333 0.431094092 0.36237315400000003
2 0.3999912035 0.39010658266666665 0.4030836135 0.379212244 0.40088239049999996 0.377783926 0.40122303699999995 0.36534697 0.39977900099999997 0.36188024333333335 0.392990073 0.370737188 0.395489418 0.38687897266666665 0.394515398 0.39134421533333336 0.39730965250000005 0.398308594 0.3999912035 0.39010658266666665
7 0.4556895755 0.31884058 0.460901325 0.3290874853333334 0.46515407599999997 0.323589384 0.465277376 0.3084097793333333 0.4629641355 0.30521900933333335 0.45148481349999997 0.3134136513333333 0.4556895755 0.31884058
7 0.314205962 0.36658294133333336 0.31775968899999996 0.359520862 0.316350965 0.3442022046666667 0.30907469 0.332633058 0.30604459300000003 0.3315346373333333 0.307824886 0.34257878199999997 0.308503253 0.35281616066666666 0.3126402605 0.35055856533333335 0.3107341755 0.3642771206666666 0.314205962 0.36658294133333336
2 0.360393364 0.34886312466666664 0.354562017 0.34061625533333334 0.3542157575 0.335643592 0.3521521695 0.332882782 0.345664529 0.3367387506666667 0.34201229699999997 0.343863802 0.3458733485 0.3475455546666667 0.352416522 0.3464290113333333 0.356545665 0.3521781013333333 0.360393364 0.34886312466666664
2 0.3973831685 0.308176928 0.39625374950000003 0.31714411733333336 0.4038582795 0.31649589933333333 0.40815289250000003 0.304913636 0.40476196049999996 0.3026249013333333 0.3973831685 0.308176928
2 0.258938637 0.4216361473333333 0.268383441 0.41743404133333334 0.2654353305 0.40879903599999995 0.25351131250000003 0.4114019993333333 0.2514975425 0.4194453573333334 0.258938637 0.4216361473333333
2 0.3619855755 0.43954562 0.36477785149999997 0.4317826693333333 0.368813302 0.419973202 0.362078719 0.41828856733333336 0.35375685199999996 0.413923312 0.351284623 0.419481222 0.359907698 0.42732094666666665 0.3563488715 0.43505972400000004 0.3619855755 0.43954562
2 0.4533976775 0.29751794066666665 0.460957625 0.297394046 0.460323441 0.2888828133333334 0.460969628 0.28094008266666665 0.4552102075 0.27964084133333333 0.45341337299999995 0.28557213400000003 0.447716952 0.289365138 0.4533976775 0.29751794066666665
2 0.445810318 0.25732745933333334 0.4547166995 0.26547429466666667 0.456115924 0.26002332266666667 0.45385247900000003 0.2524714873333333 0.450967265 0.25136917999999997 0.445810318 0.25732745933333334
2 0.397976176 0.15126924 0.3967645195 0.13768888399999998 0.39119493 0.13357542533333333 0.389936084 0.14332362866666667 0.3866945845 0.14932184133333334 0.38847799850000003 0.15319846266666667 0.393261022 0.151180806 0.397976176 0.15126924
2 0.420670799 0.22033050666666668 0.4206263075 0.2124373586666667 0.41255980849999996 0.21023689 0.41021312 0.20702162533333335 0.4103061265 0.20664742 0.405882486 0.20732731799999998 0.405838452 0.21440622466666664 0.4023785315 0.22221644133333332 0.4048975835 0.22655708133333333 0.4086580725 0.22221415533333333 0.411506729 0.21850450266666666 0.420670799 0.22033050666666668
2 0.3307677775 0.409274982 0.33138041349999997 0.4061975053333333 0.33138041349999997 0.40145975066666667 0.323496281 0.4005581266666666 0.320746621 0.40626880733333337 0.320746621 0.4134509326666666 0.326862349 0.4130928833333333 0.3307677775 0.409274982
2 0.4283848915 0.52512106 0.434849997 0.5228470080000001 0.43242771900000004 0.51923096 0.4313709155 0.513957006 0.4288509395 0.5088205773333333 0.426809709 0.5140430033333334 0.41925033500000003 0.5188011686666667 0.426542623 0.528014984 0.4283848915 0.52512106