4 0.351159807 0.22666966933333332 0.367259683 0.21632707466666667 0.3633214825 0.205983176 0.3578300435 0.20560913 0.34743922450000003 0.19569506866666667 0.327308901 0.203365266 0.3278089695 0.209433508 0.33423510349999996 0.216659556 0.3325971995 0.22439477933333335 0.34017659149999996 0.222252462 0.351159807 0.22666966933333332
4 0.2170678365 0.38210257333333336 0.2355859075 0.37206046066666665 0.238938348 0.36432907466666664 0.2454078645 0.35481087466666666 0.2393333915 0.342548358 0.2211659875 0.3449699086666667 0.2125460255 0.359486582 0.21341066050000002 0.36526423999999996 0.2090041515 0.37366329200000004 0.2170678365 0.38210257333333336
4 0.2402756855 0.3972990653333333 0.24847666799999998 0.37977999333333334 0.24698837399999998 0.36029204800000003 0.2409157285 0.36283037599999995 0.2230046595 0.3810429046666666 0.22302014650000002 0.3853822186666666 0.2185231685 0.3949790286666666 0.224164234 0.399101078 0.2402756855 0.3972990653333333
4 0.2163276255 0.528880042 0.223046214 0.5336869546666667 0.240173273 0.5268544806666666 0.247274144 0.5092205346666666 0.242998471 0.48934705333333334 0.2356126965 0.48716055199999997 0.2307712085 0.49078892333333335 0.223257708 0.49114275933333335 0.21496984800000002 0.5101353173333334 0.2163276255 0.528880042
4 0.20143004949999999 0.6123583126666666 0.210810102 0.606948428 0.20879075 0.5919283726666666 0.193114278 0.5783540366666667 0.1762498545 0.5782185986666667 0.171042742 0.5879637573333334 0.1808921135 0.6119616393333334 0.20143004949999999 0.6123583126666666
4 0.268542543 0.6228071886666666 0.278141095 0.6275506353333333 0.282174413 0.620524538 0.2814866905 0.6112026013333334 0.285672023 0.601571996 0.284934281 0.584686154 0.279926958 0.5702249413333333 0.274750146 0.5680621246666666 0.2721702525 0.58067744 0.261568838 0.586297568 0.25938042899999997 0.6011052953333333 0.268542543 0.6228071886666666
4 0.383050671 0.6148792826666667 0.3966198875 0.611822396 0.3908476165 0.5774649046666667 0.3914572155 0.573094168 0.380483379 0.55689382 0.37351310449999997 0.5582558726666667 0.37054283349999995 0.569612018 0.36627859150000003 0.5794494573333333 0.373283976 0.60724395 0.383050671 0.6148792826666667
4 0.3702133445 0.6666473426666667 0.3830192485 0.6652496773333333 0.3944584925 0.653304742 0.397646253 0.6309028626666666 0.3950380795 0.6216553246666666 0.387171812 0.6233973993333333 0.37804197 0.6299360399999999 0.3724888555 0.6321971326666667 0.3660175595 0.6561048613333333 0.3702133445 0.6666473426666667
4 0.305370494 0.78030956 0.30558115350000004 0.7766631893333333 0.3110561125 0.7766631893333333 0.31750218999999996 0.7718568966666667 0.3197895965 0.7659117160000001 0.3253075685 0.7477621606666667 0.3193722525 0.7436947273333333 0.3018048925 0.7487773253333333 0.291550874 0.7623348813333334 0.292018462 0.7756564046666667 0.2950521875 0.786604558 0.305370494 0.78030956
4 0.4051626555 0.9526699786666667 0.41549008400000004 0.9438926573333333 0.4173844355 0.9274424033333333 0.410589791 0.906189256 0.402143856 0.906027568 0.396555792 0.9194143093333333 0.39557433200000003 0.927684828 0.39728664049999995 0.9436846053333333 0.4051626555 0.9526699786666667
4 0.4856844795 0.9669316146666667 0.490571691 0.9762720420000001 0.498680151 0.97325756 0.5106412215 0.9729201886666666 0.519645405 0.971103406 0.5158777370000001 0.9566049666666666 0.49619653199999997 0.9499586126666666 0.4882987775 0.9547086006666666 0.484635317 0.9545675840000001 0.4814410155 0.966762168 0.4856844795 0.9669316146666667
2 0.40405567200000003 0.22841531466666667 0.4085369615 0.22685594666666667 0.41173920500000005 0.20938035133333335 0.4066139465 0.2085199726666667 0.399889789 0.219096394 0.3987378275 0.2298563826666667 0.40405567200000003 0.22841531466666667
2 0.3748378235 0.24631539133333336 0.373778651 0.2420236473333333 0.38016475650000003 0.23508504333333333 0.37610289999999996 0.23152250533333332 0.370560838 0.23655743266666665 0.364472934 0.236489118 0.3630523665 0.23801526666666667 0.365753134 0.246614774 0.3748378235 0.24631539133333336
2 0.47925183 0.32236386866666666 0.47215344049999997 0.31808828133333333 0.46886399749999996 0.3141349626666667 0.46484582 0.3152578466666667 0.464880812 0.3155814333333333 0.4630001165 0.32270150866666664 0.4639776565 0.3283280533333333 0.47825053500000003 0.32867592133333334 0.47925183 0.32236386866666666
2 0.4070274915 0.41145077399999996 0.399310259 0.409906426 0.39367711050000004 0.410648954 0.3933161155 0.4162907713333333 0.3995239015 0.420657994 0.40183753050000004 0.4245785953333333 0.406310715 0.423144844 0.4070274915 0.41145077399999996
2 0.5058207530000001 0.37544758266666667 0.5079515585 0.3796883573333334 0.5142866795 0.37326420066666666 0.5123928485 0.3621322846666667 0.504755682 0.36359889799999995 0.5040018215000001 0.369532858 0.4971574735 0.3760826853333333 0.499523836 0.38155304533333334 0.5058207530000001 0.37544758266666667
2 0.5199435475 0.39955836 0.5204025219999999 0.389525254 0.525593306 0.38748200600000005 0.526580117 0.37924412999999996 0.5185142469999999 0.38131644466666664 0.5135584715 0.3798309913333333 0.5105127815 0.3844760446666667 0.5151598159999999 0.3968645386666667 0.5199435475 0.39955836
2 0.4649061785 0.5163624153333334 0.460534723 0.506848024 0.4523675355 0.5134297526666667 0.44614549449999996 0.5191130733333333 0.4472566115 0.5231728653333333 0.4543590825 0.5253389173333334 0.45651083 0.5242646019999999 0.46259245800000004 0.526650398 0.4649061785 0.5163624153333334
2 0.5175782375 0.6070996146666666 0.519805158 0.5994532953333334 0.5068693400000001 0.5915591866666667 0.5043810950000001 0.5948438013333334 0.505265972 0.607141972 0.5087735615000001 0.6060531773333333 0.5102304125 0.6032395386666667 0.5175782375 0.6070996146666666
2 0.5493687865000001 0.5151495046666666 0.5468884405 0.5096166826666667 0.5425889465 0.5099374653333334 0.53683331 0.5199255700000001 0.540978079 0.525127694 0.5472563745 0.522243394 0.5493687865000001 0.5151495046666666
2 0.621382031 0.5441231426666666 0.6158855695 0.5323456986666667 0.6126366735000001 0.5339110193333333 0.6106049335 0.5371232353333333 0.6112456455 0.5523245139999999 0.61891937 0.5523650273333334 0.621382031 0.5441231426666666
2 0.6516861105 0.5685815133333333 0.6467743229999999 0.5692660453333334 0.640933545 0.5612820853333333 0.637921281 0.564127686 0.6391880035 0.5759844793333333 0.640065667 0.5821784520000001 0.6564042945 0.57643017 0.6516861105 0.5685815133333333
2 0.597634592 0.4377896993333333 0.6025516265 0.44569953733333334 0.6048699765 0.4388427366666666 0.596136039 0.42316950533333336 0.593345455 0.4257803033333333 0.590686469 0.431730328 0.5859113340000001 0.4337708173333333 0.5918642089999999 0.44087900399999996 0.597634592 0.4377896993333333
7 0.574947103 0.3797265533333333 0.5779415795 0.3886443586666667 0.5765291515000001 0.3982047053333333 0.582624463 0.39799531866666665 0.581049742 0.38180417200000005 0.585753968 0.3895571246666667 0.5867874425 0.38352743 0.5822782035 0.3745470106666667 0.5863366995 0.37280450200000004 0.584781332 0.3504976733333333 0.5811713845 0.35211157000000004 0.579367371 0.3621270566666667 0.572049931 0.360690684 0.568905908 0.36237315400000003 0.574947103 0.3797265533333333
2 0.6026903475000001 0.398308594 0.605484602 0.39134421533333336 0.604510582 0.38687897266666665 0.6070099269999999 0.370737188 0.600220999 0.36188024333333335 0.598776963 0.36534697 0.5991176094999999 0.377783926 0.5969163865 0.379212244 0.6000087965 0.39010658266666665 0.6026903475000001 0.398308594
7 0.5485151865 0.3134136513333333 0.5370358645 0.30521900933333335 0.534722624 0.3084097793333333 0.534845924 0.323589384 0.539098675 0.3290874853333334 0.5443104245 0.31884058 0.5485151865 0.3134136513333333
7 0.6892658245 0.3642771206666666 0.6873597395000001 0.35055856533333335 0.6914967470000001 0.35281616066666666 0.692175114 0.34257878199999997 0.693955407 0.3315346373333333 0.69092531 0.332633058 0.6836490350000001 0.3442022046666667 0.682240311 0.359520862 0.685794038 0.36658294133333336 0.6892658245 0.3642771206666666
2 0.643454335 0.3521781013333333 0.647583478 0.3464290113333333 0.6541266514999999 0.3475455546666667 0.657987703 0.343863802 0.654335471 0.3367387506666667 0.6478478304999999 0.332882782 0.6457842425 0.335643592 0.645437983 0.34061625533333334 0.639606636 0.34886312466666664 0.643454335 0.3521781013333333
2 0.5952380395 0.3026249013333333 0.5918471075 0.304913636 0.5961417205 0.31649589933333333 0.6037462505 0.31714411733333336 0.6026168315 0.308176928 0.5952380395 0.3026249013333333
2 0.7485024575 0.4194453573333334 0.7464886875 0.4114019993333333 0.7345646695 0.40879903599999995 0.731616559 0.41743404133333334 0.741061363 0.4216361473333333 0.7485024575 0.4194453573333334
2 0.6436511285000001 0.43505972400000004 0.640092302 0.42732094666666665 0.648715377 0.419481222 0.646243148 0.413923312 0.637921281 0.41828856733333336 0.6311866979999999 0.419973202 0.6352221485 0.4317826693333333 0.6380144245 0.43954562 0.6436511285000001 0.43505972400000004
2 0.552283048 0.289365138 0.546586627 0.28557213400000003 0.5447897924999999 0.27964084133333333 0.539030372 0.28094008266666665 0.539676559 0.2888828133333334 0.539042375 0.297394046 0.5466023225 0.29751794066666665 0.552283048 0.289365138
2 0.549032735 0.25136917999999997 0.546147521 0.2524714873333333 0.5438840760000001 0.26002332266666667 0.5452833005 0.26547429466666667 0.554189682 0.25732745933333334 0.549032735 0.25136917999999997
2 0.606738978 0.151180806 0.6115220015 0.15319846266666667 0.6133054155 0.14932184133333334 0.610063916 0.14332362866666667 0.60880507 0.13357542533333333 0.6032354805 0.13768888399999998 0.602023824 0.15126924 0.606738978 0.151180806
2 0.588493271 0.21850450266666666 0.5913419275 0.22221415533333333 0.5951024165 0.22655708133333333 0.5976214685 0.22221644133333332 0.594161548 0.21440622466666664 0.594117514 0.20732731799999998 0.5896938735 0.20664742 0.58978688 0.20702162533333335 0.5874401914999999 0.21023689 0.5793736924999999 0.2124373586666667 0.579329201 0.22033050666666668 0.588493271 0.21850450266666666
2 0.673137651 0.4130928833333333 0.679253379 0.4134509326666666 0.679253379 0.40626880733333337 0.6765037190000001 0.4005581266666666 0.6686195865 0.40145975066666667 0.6686195865 0.4061975053333333 0.6692322225 0.409274982 0.673137651 0.4130928833333333
2 0.573457377 0.528014984 0.580749665 0.5188011686666667 0.573190291 0.5140430033333334 0.5711490605 0.5088205773333333 0.5686290844999999 0.513957006 0.567572281 0.51923096 0.565150003 0.5228470080000001 0.5716151085 0.52512106 0.573457377 0.528014984