4 0.6419649865 0.8339242033333333 0.629216541 0.8128676340000001 0.6202464025000001 0.8078625893333333 0.6172169854999999 0.795579078 0.6103634325 0.7917847926666667 0.6100657615 0.807097208 0.6005255515 0.8152957573333333 0.5970705430000001 0.8078675533333334 0.5852886455 0.8145301673333334 0.5925244669999999 0.833310144 0.6083872969999999 0.8684773393333334 0.622024086 0.8989710553333333 0.633630396 0.8999444799999999 0.6497835935 0.9040739286666667 0.659446129 0.8943359026666667 0.6604486975 0.8786379246666667 0.6519630215 0.8564562573333333 0.6419649865 0.8339242033333333
4 0.655572661 0.7468354166666666 0.669246196 0.7333509606666666 0.671279437 0.7104987786666667 0.665968753 0.6972980033333334 0.650552729 0.695326362 0.646342907 0.728634428 0.641290614 0.7318806486666667 0.6435127820000001 0.7386663186666667 0.655572661 0.7468354166666666
4 0.700388202 0.7206617753333333 0.7181828755 0.71459699 0.720294122 0.6933434826666667 0.717053141 0.6789480560000001 0.7128400585000001 0.6757890999999999 0.7056415524999999 0.683200438 0.6969452095 0.700308352 0.700388202 0.7206617753333333
4 0.666426991 0.5782424266666667 0.6651978095 0.5700877086666667 0.6546326505 0.5639618559999999 0.6370442595 0.5532975680000001 0.6185880265 0.5458916693333333 0.6040992989999999 0.5498044653333333 0.590345409 0.5372190026666667 0.5890570005 0.565885006 0.5863936790000001 0.58191974 0.615437281 0.595967134 0.6125992690000001 0.6063797366666667 0.6403219725 0.6135981606666667 0.651293689 0.6091329233333334 0.6546725145000001 0.6213642606666666 0.6651255415 0.6233929646666666 0.662799271 0.604722016 0.6669435730000001 0.59031575 0.676390344 0.589899768 0.678007888 0.576602854 0.666426991 0.5782424266666667
4 0.6358272365000001 0.511102158 0.6359530075000001 0.505307756 0.628180302 0.5038460153333333 0.6150658465000001 0.49666253866666665 0.5943325039999999 0.502650044 0.5917312570000001 0.5133297459999999 0.5952717599999999 0.5180448926666666 0.60015426 0.5165130099999999 0.6058396810000001 0.529845982 0.6211002489999999 0.5324335233333334 0.6310870365 0.5296790459999999 0.6358272365000001 0.511102158
4 0.7743050485 0.5045475859999999 0.775704678 0.49558174666666666 0.7625392395 0.479275746 0.7489036605 0.478727994 0.7428517035 0.4804833253333334 0.738497602 0.4847526586666667 0.7394355195000001 0.494270806 0.7500389335 0.5037123946666666 0.768280982 0.509463268 0.7743050485 0.5045475859999999
4 0.85105743 0.48649728333333336 0.8501995115 0.4606564126666666 0.850012506 0.46185884666666666 0.8349519555 0.4638313046666666 0.8346988894999999 0.45614546466666667 0.822877285 0.46567585533333333 0.8175448750000001 0.484787834 0.819037089 0.49261403333333337 0.8292816405 0.49553726933333336 0.85105743 0.48649728333333336
3 0.666492742 0.4998280933333333 0.677596124 0.497148674 0.674207336 0.4871716986666667 0.6668263194999999 0.48824098000000005 0.662445742 0.4944727953333333 0.666492742 0.4998280933333333
4 0.703346279 0.38878055933333333 0.7028112280000001 0.37788889400000003 0.697059133 0.37712681266666664 0.6886276465 0.37383024066666665 0.6775071615 0.3776307286666667 0.6711400935 0.3887454066666667 0.6663457214999999 0.3889210333333333 0.6650848039999999 0.39506170399999996 0.673435141 0.40340034799999996 0.688437683 0.40228081800000004 0.6961968825 0.3970951226666667 0.6999103179999999 0.391182358 0.703346279 0.38878055933333333
3 0.591405137 0.47414358 0.6003846220000001 0.4732854766666667 0.5981482204999999 0.45760716533333334 0.5912539415 0.4574678086666667 0.579964701 0.46482240533333335 0.579247945 0.47224976 0.591405137 0.47414358
2 0.690676968 0.40849783 0.692466412 0.41421976666666666 0.6984702165 0.4099373913333333 0.704909459 0.398685424 0.7055494445 0.3958743546666667 0.7010282929999999 0.3941831706666667 0.690676968 0.40849783
4 0.6453357630000001 0.2992172086666667 0.6449921695 0.29308873133333335 0.6357314805 0.27561057333333333 0.6345235905 0.2661481426666667 0.6316718695 0.26601047533333333 0.6316718695 0.2711535666666667 0.626560833 0.266026944 0.6135334715 0.26555779533333335 0.6149343265 0.2751949653333333 0.6105942295 0.28178155066666666 0.6115346150000001 0.2874778846666667 0.615708291 0.285527414 0.6246406875 0.2981591413333333 0.635732476 0.30324845666666667 0.6453357630000001 0.2992172086666667
4 0.6371052620000001 0.264362732 0.6457806155 0.25311840266666663 0.6458500505 0.24449769066666666 0.6382908429999999 0.24294216666666668 0.6298512815 0.22961436266666665 0.6184258695 0.22898226266666666 0.6285165345 0.24075189466666666 0.6148833315000001 0.23742022733333332 0.6044585505 0.24601215266666668 0.612205064 0.25283695066666667 0.6170328665 0.2619621193333333 0.6371052620000001 0.264362732
4 0.7639538815 0.258237968 0.772196003 0.24855150866666667 0.7754899175000001 0.23482862466666665 0.773467933 0.22412288333333333 0.7731602605000001 0.22433261200000001 0.7699437965 0.21925921866666667 0.7511915410000001 0.235476496 0.7472600865000001 0.24663253066666668 0.7466108245 0.25554877800000003 0.7518722245 0.256546666 0.7639538815 0.258237968
4 0.700237919 0.12110808866666667 0.704280023 0.11172329733333333 0.7009052925 0.10651815266666667 0.6938250309999999 0.106777674 0.6875036345 0.10205977666666667 0.6806224005 0.10553380866666667 0.683911009 0.10949944133333334 0.6693907594999999 0.10697175666666667 0.660378278 0.11003565866666666 0.6678513505 0.11938494066666668 0.671232736 0.11962860666666668 0.678545753 0.13044000133333333 0.693169757 0.12859810066666666 0.700237919 0.12110808866666667
4 0.690431029 0.06133259666666667 0.6931366339999999 0.04846727000000001 0.687563339 0.039648274 0.6760813855 0.042979328 0.6664636924999999 0.051965308 0.660677191 0.060727704 0.655781579 0.07039995466666667 0.6691707975000001 0.075799678 0.683703512 0.07057692133333333 0.690431029 0.06133259666666667
3 0.7163593225 0.15382251600000002 0.7132620534999999 0.16594110599999998 0.7193963205 0.17038013066666668 0.720810069 0.15556440933333332 0.7163593225 0.15382251600000002
2 0.58927239 0.26823437333333333 0.592465927 0.272350806 0.597287075 0.27174567066666666 0.5944311944999999 0.25385908933333334 0.594445475 0.2532476933333333 0.5946832335000001 0.2500753473333333 0.587262782 0.25056867866666666 0.58927239 0.26823437333333333
2 0.535227371 0.33671854333333334 0.542353939 0.33791162333333336 0.548859453 0.3285884233333333 0.5490008805 0.32131622266666665 0.5428586729999999 0.31969641000000004 0.5388885115000001 0.32887340533333337 0.535227371 0.33671854333333334
2 0.5276400569999999 0.29335817599999997 0.538029786 0.296324878 0.538918408 0.28988240466666665 0.5337197745 0.2819432833333333 0.5281399255 0.28396288199999997 0.5276400569999999 0.29335817599999997
2 0.522136663 0.30567063 0.5302463055 0.30574169933333334 0.5302463055 0.2997699793333333 0.522155695 0.29901406799999997 0.5130119314999999 0.2999541806666667 0.517789571 0.311324582 0.5237663404999999 0.3109477093333333 0.522136663 0.30567063
2 0.5215149155000001 0.31989072733333335 0.523869591 0.3163026646666667 0.5162263914999999 0.30833506666666666 0.5074518705 0.3078803366666667 0.5049293364999999 0.31163907333333335 0.508083701 0.3193034046666667 0.5215149155000001 0.31989072733333335
2 0.4936331135 0.29038725600000004 0.497401891 0.3009263913333333 0.503668624 0.3010990806666667 0.5031575635 0.28221861866666664 0.49687389000000004 0.28067232799999997 0.4966634565 0.28680928466666666 0.4936331135 0.29038725600000004
2 0.526251025 0.5040597693333333 0.5305210825000001 0.504921234 0.534793131 0.4948096373333334 0.5374368005 0.489270718 0.5279148085 0.486890708 0.5251633634999999 0.49145323333333335 0.526251025 0.5040597693333333
2 0.48227581199999997 0.4568069893333333 0.4837901395 0.44751625600000006 0.4814749135 0.44411573866666665 0.4691957415 0.44827721 0.4695286595 0.45512314866666664 0.48227581199999997 0.4568069893333333
4 0.478414044 0.6072781166666666 0.486750783 0.577144184 0.47755138599999997 0.5680165953333334 0.46693778750000003 0.5748899606666666 0.4661636845 0.5783577493333333 0.460272873 0.5828729513333334 0.45656341 0.5819148406666667 0.4530783205 0.5998936906666666 0.451910725 0.613176868 0.4586006955 0.6188886966666667 0.478414044 0.6072781166666666
2 0.447956592 0.532571308 0.452220361 0.5315536226666666 0.454521503 0.5262598406666666 0.4520503335 0.5195754840000001 0.44795652 0.516089142 0.44570018549999996 0.5210095986666667 0.4422086025 0.518841404 0.4379842565 0.5205956580000001 0.43693435399999997 0.5245712006666666 0.444680112 0.5284752506666667 0.447956592 0.532571308
7 0.3782945815 0.5386954373333332 0.383788471 0.5404658219999999 0.3883133815 0.5347753133333333 0.37645741 0.5322558626666667 0.3658174255 0.5306158313333333 0.3630833235 0.5385922866666667 0.371514274 0.5478080186666667 0.37476604750000003 0.5412796353333333 0.3765383445 0.545581226 0.380059535 0.5445447846666667 0.3782945815 0.5386954373333332
2 0.359123092 0.642166408 0.36345556749999997 0.6407515626666667 0.360730045 0.6343802146666667 0.35880018 0.6271201986666667 0.35560463750000004 0.624678498 0.35043396649999997 0.632727456 0.354682454 0.6382776573333333 0.359123092 0.642166408
2 0.4429722415 0.567214946 0.444970509 0.5730584546666666 0.449026256 0.5730584546666666 0.4479518825 0.5587994113333333 0.444118895 0.5568365666666667 0.4429722415 0.567214946
2 0.29829834699999996 0.4310816293333333 0.301477893 0.43216489133333336 0.30728010299999997 0.4283905473333333 0.307081191 0.420358594 0.306070382 0.4175138006666667 0.29333943549999997 0.421080576 0.29264511449999997 0.42813820733333335 0.29829834699999996 0.4310816293333333
2 0.515052376 0.20846467133333332 0.5203123285000001 0.20970933733333333 0.5300557095 0.20032785533333333 0.5301791815 0.19388331533333333 0.5175707035 0.18916190866666666 0.515052376 0.20846467133333332
3 0.48176657 0.23644498666666666 0.48386929199999995 0.23080982133333336 0.48275181 0.22572465533333333 0.475861914 0.22416534066666668 0.4715060775 0.22887753333333336 0.4718069705 0.23444889466666666 0.48176657 0.23644498666666666
2 0.4546660065 0.23968520133333335 0.46384027149999996 0.2440625213333333 0.4649166725 0.23104428333333332 0.458613094 0.22688633066666666 0.4549531005 0.22228370533333336 0.4494802895 0.2322008653333333 0.4546660065 0.23968520133333335
2 0.5098850965 0.13498756133333334 0.5206984345 0.12583643533333333 0.5201387955 0.12186951266666667 0.5060325515 0.12188553666666667 0.503179986 0.12040168999999999 0.5000275415 0.12508856666666665 0.502041066 0.12698803733333333 0.492559347 0.13574245266666665 0.5027490595 0.13475763533333332 0.503624584 0.14037883933333334 0.5065657335 0.148626378 0.5096044055 0.145597106 0.5098850965 0.13498756133333334
4 0.462324607 0.05165017733333334 0.4651400235 0.042695512 0.4623407725 0.030236564666666667 0.451959407 0.025088673333333332 0.4411040595 0.02458464933333333 0.4347687835 0.024427064000000002 0.43478799199999996 0.03503754533333333 0.4437003095 0.04764461133333333 0.462324607 0.05165017733333334
2 0.337145949 0.24807155266666667 0.355490548 0.24608084266666666 0.358877564 0.23929966866666666 0.353953097 0.22758208200000002 0.353968354 0.22717453733333332 0.3393969505 0.225735546 0.33090946250000003 0.243659922 0.337145949 0.24807155266666667
2 0.3555459025 0.329156702 0.3585056895 0.32726669133333336 0.35810773949999997 0.324292926 0.354592444 0.31653068133333334 0.35187343 0.31687273866666665 0.35261996749999996 0.324809326 0.3555459025 0.329156702
2 0.41141912150000004 0.4803686446666666 0.4154764215 0.4783968826666667 0.41209146550000003 0.4751553366666667 0.411425651 0.4710902926666667 0.4105233525 0.4668847093333333 0.4069893035 0.469646342 0.399890299 0.47145572866666663 0.4009203065 0.4751090866666667 0.41141912150000004 0.4803686446666666
2 0.3313362135 0.47466617400000005 0.33256088699999997 0.4694612753333333 0.3349877265 0.465095108 0.334393371 0.46145757533333337 0.330196256 0.462629594 0.3271757915 0.46783469666666666 0.3289023415 0.4739991126666666 0.3313362135 0.47466617400000005