4 0.3480369785 0.8564562573333333 0.33955130250000004 0.8786379246666667 0.340553871 0.8943359026666667 0.3502164065 0.9040739286666667 0.36636960399999996 0.8999444799999999 0.37797591399999997 0.8989710553333333 0.391612703 0.8684773393333334 0.407475533 0.833310144 0.4147113545 0.8145301673333334 0.402929457 0.8078675533333334 0.39947444849999997 0.8152957573333333 0.3899342385 0.807097208 0.38963656750000003 0.7917847926666667 0.38278301449999996 0.795579078 0.37975359750000004 0.8078625893333333 0.370783459 0.8128676340000001 0.3580350135 0.8339242033333333 0.3480369785 0.8564562573333333
4 0.356487218 0.7386663186666667 0.358709386 0.7318806486666667 0.353657093 0.728634428 0.349447271 0.695326362 0.33403124700000003 0.6972980033333334 0.328720563 0.7104987786666667 0.330753804 0.7333509606666666 0.344427339 0.7468354166666666 0.356487218 0.7386663186666667
4 0.3030547905 0.700308352 0.2943584475 0.683200438 0.2871599415 0.6757890999999999 0.282946859 0.6789480560000001 0.27970587799999996 0.6933434826666667 0.28181712449999996 0.71459699 0.29961179800000004 0.7206617753333333 0.3030547905 0.700308352
4 0.321992112 0.576602854 0.32360965599999997 0.589899768 0.333056427 0.59031575 0.33720072900000003 0.604722016 0.3348744585 0.6233929646666666 0.34532748550000003 0.6213642606666666 0.34870631100000005 0.6091329233333334 0.3596780275 0.6135981606666667 0.387400731 0.6063797366666667 0.384562719 0.595967134 0.413606321 0.58191974 0.41094299949999996 0.565885006 0.40965459099999996 0.5372190026666667 0.395900701 0.5498044653333333 0.3814119735 0.5458916693333333 0.3629557405 0.5532975680000001 0.3453673495 0.5639618559999999 0.3348021905 0.5700877086666667 0.33357300900000003 0.5782424266666667 0.321992112 0.576602854
4 0.36891296349999997 0.5296790459999999 0.378899751 0.5324335233333334 0.39416031900000004 0.529845982 0.39984574 0.5165130099999999 0.40472824 0.5180448926666666 0.408268743 0.5133297459999999 0.405667496 0.502650044 0.3849341535 0.49666253866666665 0.37181969800000003 0.5038460153333333 0.3640469925 0.505307756 0.3641727635 0.511102158 0.36891296349999997 0.5296790459999999
4 0.231719018 0.509463268 0.2499610665 0.5037123946666666 0.26056448050000003 0.494270806 0.261502398 0.4847526586666667 0.25714829650000004 0.4804833253333334 0.2510963395 0.478727994 0.23746076049999998 0.479275746 0.224295322 0.49558174666666666 0.2256949515 0.5045475859999999 0.231719018 0.509463268
4 0.1707183595 0.49553726933333336 0.180962911 0.49261403333333337 0.182455125 0.484787834 0.177122715 0.46567585533333333 0.1653011105 0.45614546466666667 0.1650480445 0.4638313046666666 0.149987494 0.46185884666666666 0.1498004885 0.4606564126666666 0.14894257 0.48649728333333336 0.1707183595 0.49553726933333336
3 0.337554258 0.4944727953333333 0.3331736805 0.48824098000000005 0.325792664 0.4871716986666667 0.32240387600000003 0.497148674 0.333507258 0.4998280933333333 0.337554258 0.4944727953333333
4 0.30008968199999997 0.391182358 0.3038031175 0.3970951226666667 0.31156231700000003 0.40228081800000004 0.326564859 0.40340034799999996 0.33491519599999997 0.39506170399999996 0.33365427849999996 0.3889210333333333 0.3288599065 0.3887454066666667 0.3224928385 0.3776307286666667 0.3113723535 0.37383024066666665 0.302940867 0.37712681266666664 0.297188772 0.37788889400000003 0.29665372100000004 0.38878055933333333 0.30008968199999997 0.391182358
3 0.42075205499999996 0.47224976 0.42003529900000003 0.46482240533333335 0.4087460585 0.4574678086666667 0.4018517795 0.45760716533333334 0.399615378 0.4732854766666667 0.408594863 0.47414358 0.42075205499999996 0.47224976
2 0.298971707 0.3941831706666667 0.2944505555 0.3958743546666667 0.295090541 0.398685424 0.3015297835 0.4099373913333333 0.307533588 0.41421976666666666 0.309323032 0.40849783 0.298971707 0.3941831706666667
4 0.36426752399999995 0.30324845666666667 0.3753593125 0.2981591413333333 0.38429170900000004 0.285527414 0.38846538500000005 0.2874778846666667 0.3894057705 0.28178155066666666 0.3850656735 0.2751949653333333 0.38646652849999996 0.26555779533333335 0.373439167 0.266026944 0.36832813049999996 0.2711535666666667 0.36832813049999996 0.26601047533333333 0.3654764095 0.2661481426666667 0.3642685195 0.27561057333333333 0.3550078305 0.29308873133333335 0.354664237 0.2992172086666667 0.36426752399999995 0.30324845666666667
4 0.3829671335 0.2619621193333333 0.38779493600000003 0.25283695066666667 0.3955414495 0.24601215266666668 0.3851166685 0.23742022733333332 0.3714834655 0.24075189466666666 0.3815741305 0.22898226266666666 0.3701487185 0.22961436266666665 0.361709157 0.24294216666666668 0.3541499495 0.24449769066666666 0.3542193845 0.25311840266666663 0.362894738 0.264362732 0.3829671335 0.2619621193333333
4 0.2481277755 0.256546666 0.2533891755 0.25554877800000003 0.2527399135 0.24663253066666668 0.248808459 0.235476496 0.2300562035 0.21925921866666667 0.2268397395 0.22433261200000001 0.226532067 0.22412288333333333 0.2245100825 0.23482862466666665 0.227803997 0.24855150866666667 0.2360461185 0.258237968 0.2481277755 0.256546666
4 0.306830243 0.12859810066666666 0.321454247 0.13044000133333333 0.328767264 0.11962860666666668 0.3321486495 0.11938494066666668 0.33962172199999996 0.11003565866666666 0.3306092405 0.10697175666666667 0.31608899100000004 0.10949944133333334 0.3193775995 0.10553380866666667 0.31249636550000004 0.10205977666666667 0.30617496899999996 0.106777674 0.2990947075 0.10651815266666667 0.29571997699999997 0.11172329733333333 0.299762081 0.12110808866666667 0.306830243 0.12859810066666666
4 0.316296488 0.07057692133333333 0.33082920250000003 0.075799678 0.344218421 0.07039995466666667 0.339322809 0.060727704 0.3335363075 0.051965308 0.3239186145 0.042979328 0.312436661 0.039648274 0.30686336599999997 0.04846727000000001 0.30956897099999997 0.06133259666666667 0.316296488 0.07057692133333333
3 0.279189931 0.15556440933333332 0.2806036795 0.17038013066666668 0.2867379465 0.16594110599999998 0.2836406775 0.15382251600000002 0.279189931 0.15556440933333332
2 0.41273721799999996 0.25056867866666666 0.40531676650000004 0.2500753473333333 0.405554525 0.2532476933333333 0.4055688055 0.25385908933333334 0.402712925 0.27174567066666666 0.407534073 0.272350806 0.41072761 0.26823437333333333 0.41273721799999996 0.25056867866666666
2 0.4611114885 0.32887340533333337 0.457141327 0.31969641000000004 0.4509991195 0.32131622266666665 0.451140547 0.3285884233333333 0.457646061 0.33791162333333336 0.464772629 0.33671854333333334 0.4611114885 0.32887340533333337
2 0.4718600745 0.28396288199999997 0.4662802255 0.2819432833333333 0.461081592 0.28988240466666665 0.461970214 0.296324878 0.472359943 0.29335817599999997 0.4718600745 0.28396288199999997
2 0.47623365949999996 0.3109477093333333 0.482210429 0.311324582 0.4869880685 0.2999541806666667 0.477844305 0.29901406799999997 0.4697536945 0.2997699793333333 0.4697536945 0.30574169933333334 0.477863337 0.30567063 0.47623365949999996 0.3109477093333333
2 0.491916299 0.3193034046666667 0.4950706635 0.31163907333333335 0.49254812950000004 0.3078803366666667 0.4837736085 0.30833506666666666 0.476130409 0.3163026646666667 0.47848508450000005 0.31989072733333335 0.491916299 0.3193034046666667
2 0.5033365435 0.28680928466666666 0.50312611 0.28067232799999997 0.49684243650000004 0.28221861866666664 0.496331376 0.3010990806666667 0.502598109 0.3009263913333333 0.5063668865000001 0.29038725600000004 0.5033365435 0.28680928466666666
2 0.4748366365 0.49145323333333335 0.4720851915 0.486890708 0.4625631995 0.489270718 0.46520686899999997 0.4948096373333334 0.46947891750000004 0.504921234 0.47374897499999996 0.5040597693333333 0.4748366365 0.49145323333333335
2 0.5304713405 0.45512314866666664 0.5308042584999999 0.44827721 0.5185250865000001 0.44411573866666665 0.5162098605 0.44751625600000006 0.517724188 0.4568069893333333 0.5304713405 0.45512314866666664
4 0.5413993045 0.6188886966666667 0.548089275 0.613176868 0.5469216795 0.5998936906666666 0.54343659 0.5819148406666667 0.539727127 0.5828729513333334 0.5338363155 0.5783577493333333 0.5330622125 0.5748899606666666 0.522448614 0.5680165953333334 0.513249217 0.577144184 0.521585956 0.6072781166666666 0.5413993045 0.6188886966666667
2 0.555319888 0.5284752506666667 0.563065646 0.5245712006666666 0.5620157434999999 0.5205956580000001 0.5577913975000001 0.518841404 0.5542998145 0.5210095986666667 0.55204348 0.516089142 0.5479496665 0.5195754840000001 0.545478497 0.5262598406666666 0.5477796389999999 0.5315536226666666 0.552043408 0.532571308 0.555319888 0.5284752506666667
7 0.619940465 0.5445447846666667 0.6234616555 0.545581226 0.6252339525 0.5412796353333333 0.628485726 0.5478080186666667 0.6369166765 0.5385922866666667 0.6341825745 0.5306158313333333 0.62354259 0.5322558626666667 0.6116866185000001 0.5347753133333333 0.6162115290000001 0.5404658219999999 0.6217054184999999 0.5386954373333332 0.619940465 0.5445447846666667
2 0.645317546 0.6382776573333333 0.6495660335 0.632727456 0.6443953625000001 0.624678498 0.6411998200000001 0.6271201986666667 0.639269955 0.6343802146666667 0.6365444324999999 0.6407515626666667 0.640876908 0.642166408 0.645317546 0.6382776573333333
2 0.5558811050000001 0.5568365666666667 0.5520481174999999 0.5587994113333333 0.550973744 0.5730584546666666 0.555029491 0.5730584546666666 0.5570277585 0.567214946 0.5558811050000001 0.5568365666666667
2 0.7073548855 0.42813820733333335 0.7066605644999999 0.421080576 0.693929618 0.4175138006666667 0.692918809 0.420358594 0.6927198969999999 0.4283905473333333 0.6985221070000001 0.43216489133333336 0.701701653 0.4310816293333333 0.7073548855 0.42813820733333335
2 0.4824292965 0.18916190866666666 0.46982081849999996 0.19388331533333333 0.46994429050000003 0.20032785533333333 0.4796876715 0.20970933733333333 0.484947624 0.20846467133333332 0.4824292965 0.18916190866666666
3 0.5281930294999999 0.23444889466666666 0.5284939225 0.22887753333333336 0.524138086 0.22416534066666668 0.51724819 0.22572465533333333 0.516130708 0.23080982133333336 0.51823343 0.23644498666666666 0.5281930294999999 0.23444889466666666
2 0.5505197104999999 0.2322008653333333 0.5450468995 0.22228370533333336 0.541386906 0.22688633066666666 0.5350833275 0.23104428333333332 0.5361597285 0.2440625213333333 0.5453339935 0.23968520133333335 0.5505197104999999 0.2322008653333333
2 0.49039559450000003 0.145597106 0.4934342665 0.148626378 0.49637541599999996 0.14037883933333334 0.4972509405 0.13475763533333332 0.507440653 0.13574245266666665 0.497958934 0.12698803733333333 0.4999724585 0.12508856666666665 0.49682001400000003 0.12040168999999999 0.49396744849999996 0.12188553666666667 0.47986120449999997 0.12186951266666667 0.47930156549999997 0.12583643533333333 0.49011490350000003 0.13498756133333334 0.49039559450000003 0.145597106
4 0.5562996904999999 0.04764461133333333 0.5652120079999999 0.03503754533333333 0.5652312165 0.024427064000000002 0.5588959405 0.02458464933333333 0.548040593 0.025088673333333332 0.5376592275000001 0.030236564666666667 0.5348599765000001 0.042695512 0.537675393 0.05165017733333334 0.5562996904999999 0.04764461133333333
2 0.6690905375 0.243659922 0.6606030495 0.225735546 0.6460316460000001 0.22717453733333332 0.646046903 0.22758208200000002 0.641122436 0.23929966866666666 0.644509452 0.24608084266666666 0.662854051 0.24807155266666667 0.6690905375 0.243659922
2 0.6473800325 0.324809326 0.6481265700000001 0.31687273866666665 0.645407556 0.31653068133333334 0.6418922605 0.324292926 0.6414943104999999 0.32726669133333336 0.6444540974999999 0.329156702 0.6473800325 0.324809326
2 0.5990796935 0.4751090866666667 0.6001097009999999 0.47145572866666663 0.5930106965 0.469646342 0.5894766475000001 0.4668847093333333 0.5885743489999999 0.4710902926666667 0.5879085345 0.4751553366666667 0.5845235785 0.4783968826666667 0.5885808785000001 0.4803686446666666 0.5990796935 0.4751090866666667
2 0.6710976584999999 0.4739991126666666 0.6728242085 0.46783469666666666 0.6698037440000001 0.462629594 0.665606629 0.46145757533333337 0.6650122735 0.465095108 0.667439113 0.4694612753333333 0.6686637865 0.47466617400000005 0.6710976584999999 0.4739991126666666