3 0.2710243315 0.336135642 0.268819422 0.34812364733333334 0.27614478200000003 0.36396437266666665 0.287947859 0.3708106533333333 0.29878927549999995 0.3633739086666667 0.306381534 0.32347200400000004 0.3021525955 0.31854847266666664 0.295787154 0.32327775599999997 0.2863304105 0.32810485933333333 0.2822838275 0.33774212666666664 0.2710243315 0.336135642
3 0.328132022 0.3529254826666667 0.3365557495 0.354721784 0.342591488 0.34637488066666666 0.34558535349999997 0.33662253 0.329044469 0.31493346133333333 0.33321759900000003 0.3041537953333333 0.326969591 0.303014684 0.326086389 0.3106305946666667 0.3224529795 0.31158131866666666 0.31828250350000004 0.31609951999999997 0.313692634 0.3142810246666667 0.310562491 0.321559654 0.3190154895 0.326141902 0.328132022 0.3529254826666667
3 0.3551317865 0.37143456999999996 0.35089065199999997 0.35881910933333333 0.3394668405 0.367608476 0.3335779675 0.3574895033333333 0.3188412565 0.36949280599999995 0.321046166 0.38215805199999997 0.3173369795 0.401598778 0.352795505 0.3992057233333333 0.3551317865 0.37143456999999996
3 0.3259060705 0.19929690733333333 0.3356407295 0.21094816933333335 0.34258291 0.214913256 0.34001921399999996 0.22539283000000002 0.3496379945 0.22199663733333333 0.3557078555 0.23642537533333333 0.3613992285 0.22818251133333334 0.35751854200000005 0.22362058133333335 0.363686296 0.202278174 0.355013978 0.20802901866666665 0.3558088035 0.202304354 0.346233957 0.19359643866666665 0.34278660250000004 0.16579076066666665 0.338164969 0.17157114466666668 0.340510391 0.188329034 0.33376737250000005 0.19209792466666667 0.3235158305 0.18549051333333333 0.3259060705 0.19929690733333333
3 0.4203688035 0.149272884 0.43123855250000004 0.15661541733333334 0.430029963 0.14048323133333335 0.4337727095 0.13170630133333333 0.4373584325 0.13465668866666666 0.4424073935 0.116717086 0.43231443 0.100616548 0.42556085050000003 0.106573202 0.4237526835 0.11645557533333334 0.411587308 0.120029486 0.405543421 0.13479282333333334 0.4203688035 0.149272884
3 0.4560055295 0.14075476733333334 0.4491321575 0.133651354 0.45259554150000003 0.12048301066666667 0.43739633450000004 0.12033971066666667 0.436101057 0.14404949333333333 0.43905460749999997 0.16837041466666666 0.451895606 0.16756093600000002 0.462247641 0.16479398533333334 0.4560055295 0.14075476733333334
4 0.50839541 0.08105351933333334 0.49412548349999996 0.06278094333333332 0.4775569095 0.07169961799999999 0.4694783785 0.07085361266666666 0.4718156795 0.09078571266666667 0.495087573 0.092175648 0.50839541 0.08105351933333334
3 0.5504907255 0.09039827066666667 0.537453942 0.07818735333333333 0.525692815 0.08432165466666668 0.542199094 0.11997239066666666 0.547540928 0.12085928333333333 0.5494520265 0.10926681399999999 0.5504907255 0.09039827066666667
3 0.5487027695000001 0.03544047733333333 0.566766212 0.025793970666666666 0.5672088185 0.013412394666666666 0.5663423155 0.0011919346666666667 0.5480514584999999 0.014017047333333333 0.541521514 0.007618215333333333 0.536672197 0.012296907999999999 0.527075692 0.02833527666666667 0.53223694 0.045154478000000005 0.548265578 0.041719453999999996 0.5487027695000001 0.03544047733333333
3 0.4075680665 0.25090574 0.41531911850000003 0.24158666733333334 0.4211942945 0.239975036 0.4277773135 0.24622275799999999 0.431238955 0.2399156 0.4267693865 0.23394901 0.4368828555 0.21839097133333332 0.428568547 0.20519700266666666 0.42116909750000003 0.21256083733333334 0.41293624999999995 0.22077137466666666 0.40110384800000004 0.22617595066666668 0.398204015 0.23719638 0.4075680665 0.25090574
3 0.4346858535 0.26353760466666665 0.4487461635 0.25729411733333335 0.43404714050000004 0.2402051133333333 0.423176641 0.25758943866666667 0.411068066 0.2599917686666667 0.4077772 0.29112110399999996 0.42344847199999996 0.28444562533333334 0.4346858535 0.26353760466666665
3 0.462028589 0.2837521946666667 0.45547253649999997 0.2718575246666667 0.44632678600000003 0.27404367933333335 0.44120459349999996 0.260537914 0.43573125399999996 0.2626418486666667 0.44130972300000004 0.281132404 0.43630233700000004 0.28193743400000004 0.42321671450000004 0.2872272473333333 0.43072292900000003 0.3028192926666667 0.44718296900000004 0.31401350866666666 0.4529250575 0.3079282433333333 0.4497008015 0.29803972333333334 0.462028589 0.2837521946666667
3 0.4678176935 0.40749901666666666 0.47706894899999996 0.397679796 0.48799439899999997 0.40286376533333335 0.490387829 0.39154613866666665 0.48062631149999996 0.3603419273333333 0.4635695095 0.370768694 0.457361333 0.365119352 0.44568576849999997 0.37172645933333337 0.452789718 0.38764538466666665 0.44720567299999997 0.39008697466666664 0.45303844299999996 0.4007612426666667 0.4678176935 0.40749901666666666
3 0.406321762 0.47904806133333333 0.412906737 0.48646579199999995 0.410056038 0.471979548 0.409246577 0.4483374573333333 0.400088684 0.45030105800000003 0.3930629515 0.453901988 0.387777033 0.473721202 0.392528752 0.4889316853333333 0.406321762 0.47904806133333333
3 0.3686880265 0.5958596446666666 0.356072968 0.5779541739999999 0.3601814175 0.5487307180000001 0.33728661849999997 0.5516041566666667 0.331251845 0.5707153939999999 0.342861764 0.6019216426666667 0.355351803 0.5911467666666667 0.3686880265 0.5958596446666666
3 0.417553541 0.5354655733333333 0.425948372 0.520097226 0.40185793000000003 0.48991228866666664 0.3930618795 0.4989031226666667 0.40310053549999997 0.5268685599999999 0.4026907925 0.5351561346666667 0.41189730950000003 0.5474266306666666 0.417553541 0.5354655733333333
3 0.201629222 0.4858240413333333 0.18041349650000002 0.466585998 0.176548464 0.474894874 0.17313054149999998 0.489929658 0.1779223075 0.501505294 0.194822568 0.48986925733333336 0.201629222 0.4858240413333333
3 0.273226266 0.603302358 0.27072416800000004 0.5917660006666666 0.279402892 0.584961786 0.265531263 0.5774656053333334 0.264642512 0.5684191233333333 0.2494515615 0.5627299313333333 0.23795886100000002 0.579204222 0.2533591335 0.5977204206666666 0.273226266 0.603302358
3 0.31012977599999997 0.6465328526666666 0.3176299595 0.6471378266666666 0.3237695405 0.6294665613333333 0.3290159485 0.6105646893333333 0.317915729 0.618876604 0.30617733249999995 0.6242515333333333 0.3021377455 0.6090183906666667 0.29465294849999996 0.626883976 0.28282888300000003 0.623628904 0.2855863805 0.6499153026666667 0.29738851949999995 0.6588817266666667 0.31012977599999997 0.6465328526666666
3 0.41022724299999996 0.722456352 0.423153696 0.717981396 0.433418721 0.7249595226666667 0.4284795005 0.7120613573333333 0.43973100849999996 0.7031666286666667 0.426780162 0.7012536713333334 0.40140621 0.68569901 0.3964327855 0.6930597713333333 0.406920883 0.7102041906666666 0.41022724299999996 0.722456352
3 0.532993917 0.7258507033333333 0.5366904785000001 0.7335509246666667 0.558243279 0.7316262093333333 0.5645994995 0.719276584 0.554748265 0.7106552673333334 0.534037146 0.7097072593333333 0.528554451 0.7097151220000001 0.5250369205 0.7271705526666666 0.532993917 0.7258507033333333
3 0.4543050925 0.4915249213333333 0.4607961695 0.5079685113333333 0.4749015935 0.4988602346666667 0.463428112 0.4691771253333333 0.45335986300000003 0.45419187666666666 0.4408074755 0.4502051313333333 0.4312045905 0.45640065533333335 0.437618281 0.4707941173333334 0.4543050925 0.4915249213333333
3 0.40815445549999996 0.38788398599999996 0.401845385 0.3894020853333333 0.3969811115 0.40295770866666664 0.4024533255 0.41673361666666664 0.41203348 0.40343064066666673 0.40815445549999996 0.38788398599999996
4 0.45257782350000003 0.20708951733333333 0.44616499049999997 0.18377560999999998 0.4339051805 0.1891381553333333 0.434107131 0.20670899133333334 0.4360785945 0.229602826 0.448301145 0.23133586733333333 0.45257782350000003 0.20708951733333333
0 0.381830985 0.350987436 0.4071982895 0.346668164 0.42934863 0.33401067333333334 0.429910439 0.311680712 0.39433608800000003 0.3128593513333333 0.3967975495 0.278135966 0.38440899500000003 0.2670221466666666 0.38210560349999995 0.31827491733333335 0.37505569250000004 0.32440414333333334 0.3577460645 0.329918388 0.365983925 0.3436760326666667 0.381830985 0.350987436
3 0.44991020350000005 0.44653901133333335 0.45437339200000004 0.4399523466666667 0.4626170155 0.4379231986666667 0.472222045 0.44346239 0.4699648655 0.434742966 0.45603657 0.41584288199999997 0.44731195500000004 0.42231843 0.429513428 0.4268783766666666 0.42456780099999997 0.44503413599999997 0.4333186575 0.45099288066666665 0.44991020350000005 0.44653901133333335
2 0.26705805650000003 0.410381676 0.2476948605 0.4122392 0.24717435850000002 0.421878576 0.2688874265 0.4202854933333333 0.26705805650000003 0.410381676
2 0.3374077775 0.506186578 0.328063937 0.5088577626666667 0.316377248 0.5364673346666666 0.320856949 0.5433854533333333 0.332585239 0.5365460346666667 0.3374077775 0.506186578
2 0.4721134305 0.668717566 0.4682918225 0.6918427466666667 0.48127513 0.6893718139999999 0.4755842395 0.665136758 0.4721134305 0.668717566
2 0.53075 0.7003333333333334 0.01725 0.016
2 0.54375 0.606 0.01475 0.01
2 0.54375 0.6826666666666666 0.01325 0.011666666666666667
2 0.4845 0.592 0.01325 0.009333333333333334
2 0.49825 0.5763333333333334 0.0065 0.015666666666666666
2 0.439 0.64 0.012 0.012666666666666666
2 0.4945 0.7136666666666667 0.00675 0.018333333333333333
2 0.61575 0.5696666666666667 0.01575 0.018333333333333333
2 0.54325 0.495 0.01125 0.023666666666666666
2 0.543 0.5276666666666666 0.011 0.010666666666666666
2 0.564 0.5273333333333333 0.00525 0.013333333333333334
2 0.583 0.55 0.01 0.014333333333333333
2 0.5965 0.5046666666666667 0.01225 0.009333333333333334
2 0.55 0.464 0.01025 0.009666666666666667
2 0.49175 0.44733333333333336 0.00675 0.014
2 0.3885 0.5343333333333333 0.0085 0.013333333333333334
2 0.376 0.519 0.0065 0.014
2 0.48825 0.2673333333333333 0.007 0.013666666666666667
2 0.4855 0.21833333333333332 0.01375 0.014
2 0.388 0.19233333333333333 0.012 0.012
2 0.369 0.265 0.007 0.013333333333333334
2 0.60075 0.14466666666666667 0.02925 0.023333333333333334
2 0.60775 0.6443333333333333 0.0105 0.016
2 0.57425 0.666 0.0095 0.011
2 0.524 0.6353333333333333 0.00725 0.016
2 0.5005 0.5533333333333333 0.0145 0.008333333333333333
2 0.55575 0.481 0.01025 0.008666666666666666
2 0.50025 0.4176666666666667 0.0115 0.008666666666666666
2 0.43825 0.397 0.007 0.021
2 0.402 0.36233333333333334 0.011 0.009333333333333334
2 0.38725 0.5913333333333334 0.01125 0.014
3 0.29225 0.9073333333333333 0.027 0.044
3 0.41475 0.915 0.033 0.03133333333333333
2 0.6275 0.9333333333333333 0.013 0.018333333333333333
2 0.52 0.8976666666666666 0.0125 0.012666666666666666
2 0.4115 0.7283333333333334 0.01925 0.010333333333333333
2 0.54475 0.569 0.01175 0.015
2 0.44 0.3566666666666667 0.01125 0.014333333333333333