3 0.7238552180000001 0.6360356273333333 0.712052141 0.6291893466666667 0.7012107245 0.6366260913333333 0.693618466 0.676527996 0.6978474045 0.6814515273333334 0.704212846 0.6767222439999999 0.7136695895 0.6718951406666667 0.7177161725 0.6622578733333333 0.7289756685 0.663864358 0.7311805779999999 0.6518763526666667 0.7238552180000001 0.6360356273333333
3 0.657408512 0.6536251193333333 0.6544146465 0.66337747 0.6709555309999999 0.6850665386666667 0.6667824010000001 0.6958462046666667 0.673030409 0.6969853159999999 0.6739136109999999 0.6893694053333334 0.6775470205 0.6884186813333334 0.6817174965 0.6839004799999999 0.686307366 0.6857189753333334 0.689437509 0.678440346 0.6809845105000001 0.673858098 0.671867978 0.6470745173333333 0.6634442505 0.645278216 0.657408512 0.6536251193333333
3 0.6605331595 0.632391524 0.6664220325 0.6425104966666667 0.6811587435 0.630507194 0.678953834 0.617841948 0.6826630205 0.598401222 0.647204495 0.6007942766666666 0.6448682135 0.62856543 0.649109348 0.6411808906666667 0.6605331595 0.632391524
3 0.65741709 0.785086744 0.659980786 0.7746071700000001 0.6503620055 0.7780033626666667 0.6442921444999999 0.7635746246666666 0.6386007714999999 0.7718174886666668 0.642481458 0.7763794186666667 0.636313704 0.797721826 0.6449860220000001 0.7919709813333334 0.6441911965 0.797695646 0.653766043 0.8064035613333334 0.6572133975000001 0.8342092393333334 0.661835031 0.8284288553333334 0.659489609 0.811670966 0.6662326275 0.8079020753333332 0.6764841695 0.8145094866666667 0.6740939294999999 0.8007030926666666 0.6643592705 0.7890518306666666 0.65741709 0.785086744
3 0.569970037 0.8595167686666667 0.5662272905 0.8682936986666667 0.5626415674999999 0.8653433113333334 0.5575926065 0.883282914 0.56768557 0.899383452 0.5744391495 0.8934267979999999 0.5762473165 0.8835444246666666 0.588412692 0.8799705139999999 0.594456579 0.8652071766666666 0.5796311965 0.8507271160000001 0.5687614475 0.8433845826666667 0.569970037 0.8595167686666667
3 0.5474044585000001 0.8795169893333333 0.5626036655000001 0.8796602893333334 0.563898943 0.8559505066666667 0.5609453925 0.8316295853333333 0.548104394 0.832439064 0.537752359 0.8352060146666667 0.5439944705 0.8592452326666666 0.5508678425000001 0.8663486460000001 0.5474044585000001 0.8795169893333333
4 0.5224430905 0.9283003820000001 0.5305216215 0.9291463873333333 0.5281843205 0.9092142873333334 0.5049124269999999 0.9078243519999999 0.49160458999999995 0.9189464806666666 0.5058745165 0.9372190566666666 0.5224430905 0.9283003820000001
3 0.474307185 0.9156783453333334 0.457800906 0.8800276093333333 0.452459072 0.8791407166666666 0.45054797350000003 0.890733186 0.4495092745 0.9096017293333333 0.46254605800000004 0.9218126466666666 0.474307185 0.9156783453333334
3 0.4327911815 0.9865876053333333 0.43365768450000003 0.9988080653333333 0.45194854149999997 0.9859829526666667 0.45847848599999996 0.9923817846666667 0.46332780300000004 0.9877030920000001 0.472924308 0.9716647233333333 0.46776306 0.9548455220000001 0.45173442199999997 0.958280546 0.45129723050000004 0.9645595226666666 0.433233788 0.9742060293333334 0.4327911815 0.9865876053333333
3 0.5788057055 0.7600249640000001 0.5722226865 0.753777242 0.568761045 0.7600844 0.5732306135 0.76605099 0.5631171444999999 0.7816090286666666 0.571431453 0.7948029973333334 0.5788309025 0.7874391626666667 0.58706375 0.7792286253333334 0.598896152 0.7738240493333333 0.601795985 0.76280362 0.5924319335 0.74909426 0.5846808815000001 0.7584133326666667 0.5788057055 0.7600249640000001
3 0.5659528595000001 0.7597948866666667 0.576823359 0.7424105613333333 0.588931934 0.7400082313333334 0.5922228 0.708878896 0.576551528 0.7155543746666667 0.5653141465 0.7364623953333334 0.5512538365 0.7427058826666666 0.5659528595000001 0.7597948866666667
3 0.553673214 0.7259563206666667 0.5587954065 0.739462086 0.564268746 0.7373581513333334 0.5586902770000001 0.718867596 0.563697663 0.7180625660000001 0.5767832855 0.7127727526666666 0.569277071 0.6971807073333333 0.552817031 0.6859864913333332 0.5470749425 0.6920717566666668 0.5502991985 0.7019602766666667 0.537971411 0.7162478053333333 0.5445274634999999 0.7281424753333334 0.553673214 0.7259563206666667
3 0.5120056009999999 0.5971362346666667 0.509612171 0.6084538613333333 0.5193736885 0.6396580726666666 0.5364304905 0.629231306 0.5426386670000001 0.634880648 0.5543142315 0.6282735406666666 0.547210282 0.6123546153333334 0.552794327 0.6099130253333334 0.5469615569999999 0.5992387573333333 0.5321823065 0.5925009833333333 0.522931051 0.6023202040000001 0.5120056009999999 0.5971362346666667
3 0.5899439620000001 0.528020452 0.590753423 0.5516625426666667 0.599911316 0.549698942 0.6069370485 0.546098012 0.612222967 0.526278798 0.607471248 0.5110683146666667 0.593678238 0.5209519386666667 0.587093263 0.513534208 0.5899439620000001 0.528020452
3 0.6398185825 0.451269282 0.6627133814999999 0.4483958433333333 0.668748155 0.429284606 0.657138236 0.3980783573333333 0.644648197 0.40885323333333334 0.6313119735 0.40414035533333337 0.643927032 0.422045826 0.6398185825 0.451269282
3 0.59814207 0.5100877113333333 0.6069381205 0.5010968773333333 0.5968994645 0.47313144 0.5973092074999999 0.46484386533333333 0.5881026905 0.4525733693333333 0.582446459 0.46453442666666667 0.5740516280000001 0.479902774 0.59814207 0.5100877113333333
3 0.823451536 0.525105126 0.8268694584999999 0.510070342 0.8220776925 0.498494706 0.8051774319999999 0.5101307426666667 0.798370778 0.5141759586666667 0.8195865035000001 0.533414002 0.823451536 0.525105126
3 0.7205971080000001 0.415038214 0.734468737 0.4225343946666667 0.735357488 0.43158087666666667 0.7505484385 0.4372700686666667 0.762041139 0.420795778 0.7466408665000001 0.4022795793333333 0.726773734 0.396697642 0.729275832 0.4082339993333333 0.7205971080000001 0.415038214
3 0.6762304595 0.37053343866666666 0.6709840515 0.38943531066666665 0.6820842709999999 0.38112339600000006 0.6938226675 0.37574846666666667 0.6978622545 0.3909816093333333 0.7053470515 0.373116024 0.717171117 0.376371096 0.7144136194999999 0.3500846973333333 0.7026114805 0.34111827333333333 0.689870224 0.35346714733333334 0.6823700404999999 0.35286217333333336 0.6762304595 0.37053343866666666
3 0.566581279 0.27504047733333337 0.5715204995000001 0.2879386426666667 0.5602689915 0.2968333713333334 0.573219838 0.29874632866666667 0.59859379 0.31430099 0.6035672145 0.30694022866666665 0.593079117 0.2897958093333333 0.589772757 0.277543648 0.576846304 0.282018604 0.566581279 0.27504047733333337
3 0.441756721 0.26837379066666667 0.4354005005 0.280723416 0.445251735 0.28934473266666666 0.465962854 0.29029274066666666 0.471445549 0.290284878 0.4749630795 0.2728294473333333 0.467006083 0.27414929666666665 0.46330952150000004 0.26644907533333334 0.441756721 0.26837379066666667
3 0.5250984065000001 0.5011397653333334 0.536571888 0.5308228746666667 0.546640137 0.5458081233333333 0.5591925245 0.5497948686666667 0.5687954095 0.5435993446666666 0.562381719 0.5292058826666667 0.5456949075 0.5084750786666666 0.5392038305 0.4920314886666667 0.5250984065000001 0.5011397653333334
3 0.6030188885 0.5970422913333333 0.5975466745 0.5832663833333334 0.5879665199999999 0.5965693593333333 0.5918455444999999 0.612116014 0.598154615 0.6105979146666667 0.6030188885 0.5970422913333333
4 0.5660948195 0.8108618446666666 0.565892869 0.7932910086666667 0.5639214055 0.7703971740000001 0.5516988549999999 0.7686641326666667 0.5474221765 0.7929104826666666 0.5538350095 0.81622439 0.5660948195 0.8108618446666666
0 0.57065137 0.6659893266666667 0.570089561 0.688319288 0.605663912 0.6871406486666667 0.6032024505000001 0.721864034 0.615591005 0.7329778533333333 0.6178943965 0.6817250826666666 0.6249443075000001 0.6755958566666667 0.6422539355 0.670081612 0.634016075 0.6563239673333333 0.618169015 0.6490125640000001 0.5928017105 0.653331836 0.57065137 0.6659893266666667
3 0.5373829845 0.5620768013333333 0.527777955 0.55653761 0.5300351345000001 0.5652570339999999 0.54396343 0.584157118 0.552688045 0.57768157 0.570486572 0.5731216233333334 0.575432199 0.554965864 0.5666813425 0.5490071193333333 0.5500897965 0.5534609886666666 0.5456266080000001 0.5600476533333333 0.5373829845 0.5620768013333333
2 0.7528256415 0.578121424 0.7311125735 0.5797145066666667 0.7329419435 0.589618324 0.7523051395 0.5877608 0.7528256415 0.578121424
2 0.683622752 0.4635326653333333 0.679143051 0.4566145466666667 0.667414761 0.4634539653333333 0.6625922225 0.493813422 0.671936063 0.49114223733333334 0.683622752 0.4635326653333333
2 0.51872487 0.310628186 0.5244157605 0.334863242 0.5278865694999999 0.331282434 0.5317081775 0.3081572533333333 0.51872487 0.310628186
2 0.46925 0.2996666666666667 0.01725 0.016
2 0.45625 0.394 0.01475 0.01
2 0.45625 0.31733333333333336 0.01325 0.011666666666666667
2 0.5155 0.408 0.01325 0.009333333333333334
2 0.50175 0.4236666666666667 0.0065 0.015666666666666666
2 0.561 0.36 0.012 0.012666666666666666
2 0.5055 0.28633333333333333 0.00675 0.018333333333333333
2 0.38425 0.43033333333333335 0.01575 0.018333333333333333
2 0.45675 0.505 0.01125 0.023666666666666666
2 0.457 0.4723333333333333 0.011 0.010666666666666666
2 0.436 0.4726666666666667 0.00525 0.013333333333333334
2 0.417 0.45 0.01 0.014333333333333333
2 0.4035 0.49533333333333335 0.01225 0.009333333333333334
2 0.45 0.536 0.01025 0.009666666666666667
2 0.50825 0.5526666666666666 0.00675 0.014
2 0.6115 0.4656666666666667 0.0085 0.013333333333333334
2 0.624 0.481 0.0065 0.014
2 0.51175 0.7326666666666667 0.007 0.013666666666666667
2 0.5145 0.7816666666666666 0.01375 0.014
2 0.612 0.8076666666666666 0.012 0.012
2 0.631 0.735 0.007 0.013333333333333334
2 0.39925 0.8553333333333333 0.02925 0.023333333333333334
2 0.39225 0.3556666666666667 0.0105 0.016
2 0.42575 0.334 0.0095 0.011
2 0.476 0.36466666666666664 0.00725 0.016
2 0.4995 0.44666666666666666 0.0145 0.008333333333333333
2 0.44425 0.519 0.01025 0.008666666666666666
2 0.49975 0.5823333333333334 0.0115 0.008666666666666666
2 0.56175 0.603 0.007 0.021
2 0.598 0.6376666666666667 0.011 0.009333333333333334
2 0.61275 0.4086666666666667 0.01125 0.014
3 0.70775 0.09266666666666666 0.027 0.044
3 0.58525 0.085 0.033 0.03133333333333333
2 0.3725 0.06666666666666667 0.013 0.018333333333333333
2 0.48 0.10233333333333333 0.0125 0.012666666666666666
2 0.5885 0.27166666666666667 0.01925 0.010333333333333333
2 0.45525 0.431 0.01175 0.015
2 0.56 0.6433333333333333 0.01125 0.014333333333333333