2 0.31627906976744186 0.74921875 0.08139534883720931 0.15546875
2 0.24302325581395348 0.48046875 0.08372093023255814 0.2390625
2 0.3 0.4203125 0.037209302325581395 0.07734375
2 0.5505813953488372 0.65390625 0.022674418604651164 0.03984375
2 0.4377906976744186 0.74375 0.03197674418604651 0.03359375
2 0.4005813953488372 0.715625 0.02558139534883721 0.04453125
2 0.7290697674418605 0.36953125 0.01918604651162791 0.040625
0 0.46744186046511627 0.12265625 0.020348837209302327 0.01796875
0 0.5587209302325581 0.13203125 0.029069767441860465 0.034375
0 0.7988372093023256 0.515625 0.022093023255813953 0.034375
0 0.5558139534883721 0.53359375 0.01802325581395349 0.04609375
0 0.46395348837209305 0.04140625 0.020930232558139535 0.02109375
0 0.325 0.4578125 0.022093023255813953 0.046875
0 0.275 0.85859375 0.022093023255813953 0.01640625
0 0.5616279069767441 0.3234375 0.0069767441860465115 0.02734375
0 0.42674418604651165 0.82578125 0.023837209302325583 0.021875
0 0.513953488372093 0.89140625 0.020930232558139535 0.01796875
0 0.5267441860465116 0.7328125 0.03255813953488372 0.02578125
0 0.4866279069767442 0.7171875 0.03255813953488372 0.01796875
0 0.4476744186046512 0.50859375 0.023837209302325583 0.01328125