1 0.3488372093023256 0.13046875 0.0563953488372093 0.10078125
0 0.40930232558139534 0.42109375 0.03255813953488372 0.06796875
0 0.46686046511627904 0.39921875 0.051744186046511625 0.05625
3 0.4005813953488372 0.35703125 0.01686046511627907 0.02890625
3 0.31511627906976747 0.38125 0.014534883720930232 0.01875
0 0.21627906976744185 0.3828125 0.04127906976744186 0.04296875
0 0.2779069767441861 0.4203125 0.020930232558139535 0.05859375
0 0.3058139534883721 0.54609375 0.03604651162790698 0.046875
0 0.35930232558139535 0.64609375 0.022674418604651164 0.0515625
3 0.4575581395348837 0.58125 0.010465116279069767 0.01796875
3 0.45 0.6015625 0.013953488372093023 0.01875
3 0.4005813953488372 0.61171875 0.009302325581395349 0.01796875
3 0.4180232558139535 0.66328125 0.010465116279069767 0.0140625
0 0.513953488372093 0.578125 0.01802325581395349 0.01015625
3 0.5156976744186047 0.62890625 0.013372093023255814 0.0140625
3 0.5191860465116279 0.675 0.007558139534883721 0.01328125
3 0.5267441860465116 0.6703125 0.006395348837209302 0.01484375
3 0.5703488372093023 0.6734375 0.012790697674418604 0.015625
0 0.4738372093023256 0.82578125 0.012790697674418604 0.02109375
0 0.488953488372093 0.87734375 0.01918604651162791 0.0171875
0 0.5337209302325582 0.80078125 0.010465116279069767 0.025
3 0.7610465116279069 0.46484375 0.013953488372093023 0.015625
3 0.602906976744186 0.3578125 0.018604651162790697 0.02109375
3 0.6843023255813954 0.290625 0.015697674418604653 0.02109375
3 0.6226744186046511 0.28828125 0.013953488372093023 0.009375
3 0.5191860465116279 0.2921875 0.014534883720930232 0.015625
0 0.45988372093023255 0.26015625 0.014534883720930232 0.01484375
3 0.3988372093023256 0.1703125 0.01627906976744186 0.01328125
3 0.5174418604651163 0.190625 0.01627906976744186 0.015625
3 0.6093023255813953 0.70078125 0.011046511627906977 0.01875
3 0.5377906976744186 0.021875 0.012790697674418604 0.01484375
3 0.6319767441860465 0.078125 0.009883720930232558 0.01796875