2 0.6837209302325581 0.25078125 0.08139534883720931 0.15546875
2 0.7569767441860465 0.51953125 0.08372093023255814 0.2390625
2 0.7 0.5796875 0.037209302325581395 0.07734375
2 0.4494186046511628 0.34609375 0.022674418604651164 0.03984375
2 0.5622093023255814 0.25625 0.03197674418604651 0.03359375
2 0.5994186046511628 0.284375 0.02558139534883721 0.04453125
2 0.2709302325581395 0.63046875 0.01918604651162791 0.040625
0 0.5325581395348837 0.87734375 0.020348837209302327 0.01796875
0 0.44127906976744186 0.86796875 0.029069767441860465 0.034375
0 0.20116279069767443 0.484375 0.022093023255813953 0.034375
0 0.4441860465116279 0.46640625 0.01802325581395349 0.04609375
0 0.536046511627907 0.95859375 0.020930232558139535 0.02109375
0 0.675 0.5421875 0.022093023255813953 0.046875
0 0.725 0.14140625 0.022093023255813953 0.01640625
0 0.4383720930232558 0.6765625 0.0069767441860465115 0.02734375
0 0.5732558139534883 0.17421875 0.023837209302325583 0.021875
0 0.48604651162790696 0.10859375 0.020930232558139535 0.01796875
0 0.47325581395348837 0.2671875 0.03255813953488372 0.02578125
0 0.5133720930232558 0.2828125 0.03255813953488372 0.01796875
0 0.5523255813953488 0.49140625 0.023837209302325583 0.01328125