1 0.2616279069767442 0.4484375 0.035465116279069765 0.096875
1 0.2651162790697674 0.2765625 0.038953488372093024 0.07734375
0 0.30697674418604654 0.196875 0.04883720930232558 0.05625
0 0.25988372093023254 0.23046875 0.02732558139534884 0.0234375
0 0.3767441860465116 0.409375 0.022093023255813953 0.03125
0 0.35872093023255813 0.6578125 0.037209302325581395 0.04140625
0 0.45 0.0203125 0.023255813953488372 0.01328125
0 0.6 0.64375 0.011627906976744186 0.01875
3 0.40581395348837207 0.509375 0.011627906976744186 0.02578125
3 0.36453488372093024 0.48125 0.013372093023255814 0.0203125
3 0.5290697674418605 0.31171875 0.009883720930232558 0.015625
3 0.5145348837209303 0.315625 0.011627906976744186 0.01328125