1 0.6511627906976745 0.86953125 0.0563953488372093 0.10078125
0 0.5906976744186047 0.57890625 0.03255813953488372 0.06796875
0 0.5331395348837209 0.60078125 0.051744186046511625 0.05625
3 0.5994186046511628 0.64296875 0.01686046511627907 0.02890625
3 0.6848837209302325 0.61875 0.014534883720930232 0.01875
0 0.7837209302325582 0.6171875 0.04127906976744186 0.04296875
0 0.7220930232558139 0.5796875 0.020930232558139535 0.05859375
0 0.6941860465116279 0.45390625 0.03604651162790698 0.046875
0 0.6406976744186047 0.35390625 0.022674418604651164 0.0515625
3 0.5424418604651163 0.41875 0.010465116279069767 0.01796875
3 0.55 0.3984375 0.013953488372093023 0.01875
3 0.5994186046511628 0.38828125 0.009302325581395349 0.01796875
3 0.5819767441860465 0.33671875 0.010465116279069767 0.0140625
0 0.48604651162790696 0.421875 0.01802325581395349 0.01015625
3 0.48430232558139535 0.37109375 0.013372093023255814 0.0140625
3 0.4808139534883721 0.325 0.007558139534883721 0.01328125
3 0.47325581395348837 0.3296875 0.006395348837209302 0.01484375
3 0.42965116279069765 0.3265625 0.012790697674418604 0.015625
0 0.5261627906976745 0.17421875 0.012790697674418604 0.02109375
0 0.5110465116279069 0.12265625 0.01918604651162791 0.0171875
0 0.4662790697674419 0.19921875 0.010465116279069767 0.025
3 0.23895348837209301 0.53515625 0.013953488372093023 0.015625
3 0.39709302325581397 0.6421875 0.018604651162790697 0.02109375
3 0.31569767441860463 0.709375 0.015697674418604653 0.02109375
3 0.37732558139534883 0.71171875 0.013953488372093023 0.009375
3 0.4808139534883721 0.7078125 0.014534883720930232 0.015625
0 0.5401162790697674 0.73984375 0.014534883720930232 0.01484375
3 0.6011627906976744 0.8296875 0.01627906976744186 0.01328125
3 0.48255813953488375 0.809375 0.01627906976744186 0.015625
3 0.39069767441860465 0.29921875 0.011046511627906977 0.01875
3 0.4622093023255814 0.978125 0.012790697674418604 0.01484375
3 0.3680232558139535 0.921875 0.009883720930232558 0.01796875